                                        Account Statement-05/2015
DDO:DIST JUDGE, ANANTAPURAMU(10011603004)                      Head of Account:Civil_Court_Deposits(8443001040001000000NVN)
                                    Opening Balance:56595194.00
S.No        Date            Chq/Trans              Credit            Debit          Balance
-----------------------------------------------------------------------------------------------------------
1           01/05/2015      0000003160               0.00         94774.00      56500420.00  
2           01/05/2015      0000003158               0.00        160904.00      56339516.00  
3           01/05/2015      0000003159               0.00        134979.00      56204537.00  
4           02/05/2015      0000020583          285231.00             0.00      56489768.00  
5           02/05/2015      0000020582          323406.00             0.00      56813174.00  
6           02/05/2015      0000020581           10230.00             0.00      56823404.00  
7           02/05/2015      0000020579          343089.00             0.00      57166493.00  
8           02/05/2015      0000020586           31484.00             0.00      57197977.00  
9           02/05/2015      0000020580            4604.00             0.00      57202581.00  
10          02/05/2015      0000003336               0.00         44078.00      57158503.00  
11          02/05/2015      0000020585           95638.00             0.00      57254141.00  
12          02/05/2015      0000020584          163593.00             0.00      57417734.00  
13          05/05/2015      0000003390               0.00         85356.00      57332378.00  
14          05/05/2015      0000003388               0.00         46465.00      57285913.00  
15          05/05/2015      0000003389               0.00        199164.00      57086749.00  
16          06/05/2015      0000060516          472196.00             0.00      57558945.00  
17          06/05/2015      0000003479               0.00         24346.00      57534599.00  
18          08/05/2015      0000080587            8000.00             0.00      57542599.00  
19          09/05/2015      0000003706               0.00        300000.00      57242599.00  
20          11/05/2015      0000003770               0.00         65000.00      57177599.00  
21          11/05/2015      0000003769               0.00         65000.00      57112599.00  
22          11/05/2015      0000003771               0.00        164324.00      56948275.00  
23          21/05/2015      0000004917               0.00         81091.00      56867184.00  
24          27/05/2015      0000005831               0.00         19529.00      56847655.00  
25          27/05/2015      0000005832               0.00        250000.00      56597655.00  
26          27/05/2015      0000005833               0.00        150000.00      56447655.00  
27          27/05/2015      0000005834               0.00         48448.00      56399207.00  
28          27/05/2015      0000005835               0.00        214449.00      56184758.00  
29          27/05/2015      0000005836               0.00        150000.00      56034758.00  
30          27/05/2015      0000005826               0.00        183519.00      55851239.00  
31          27/05/2015      0000005827               0.00        106973.00      55744266.00  
32          27/05/2015      0000005828               0.00        288300.00      55455966.00  
33          27/05/2015      0000005829               0.00         87588.00      55368378.00  
34          27/05/2015      0000005830               0.00         19528.00      55348850.00  
35          27/05/2015      0000005837               0.00        150000.00      55198850.00  
36          27/05/2015      0000005838               0.00        150000.00      55048850.00  
37          27/05/2015      0000005839               0.00        150000.00      54898850.00  
38          27/05/2015      0000005840               0.00         30000.00      54868850.00  
39          27/05/2015      0000005841               0.00         90231.00      54778619.00  
40          27/05/2015      0000005842               0.00         27093.00      54751526.00  
-----------------------------------------------------------------------------------------------------------
Total Credit: 1737471.00		Total Debit: 3581139.00		Closing Balance:54751526.00
-----------------------------------------------------------------------------------------------------------
-----------------------------------------------------------------------------------------------------------
