                                        Account Statement-06/2015
DDO:MUNICIPALITY, COMMISSIONER(G), MACHILIPATNAM(05011802001)                      Head of Account:MuncipalGeneralFund(8448001020003001000NVN)
                                    Opening Balance:110898447.00
S.No        Date            Chq/Trans              Credit            Debit          Balance
-----------------------------------------------------------------------------------------------------------
1           01/06/2015      0000001249           49130.00             0.00     110947577.00  
2           01/06/2015      0000001230           11700.00             0.00     110959277.00  
3           02/06/2015      0000001280           99770.00             0.00     111059047.00  
4           02/06/2015      0000001248            2520.00             0.00     111061567.00  
5           03/06/2015      0000001321          172861.00             0.00     111234428.00  
6           03/06/2015      010785                   0.00        161306.00     111073122.00  
7           04/06/2015      0000001336           37728.00             0.00     111110850.00  
8           04/06/2015      010788                   0.00        148594.00     110962256.00  
9           04/06/2015      010786                   0.00        278712.00     110683544.00  
10          04/06/2015      010784                   0.00        580000.00     110103544.00  
11          04/06/2015      010787                   0.00        407585.00     109695959.00  
12          05/06/2015      0000001382          305347.00             0.00     110001306.00  
13          05/06/2015      010791                   0.00        174681.00     109826625.00  
14          05/06/2015      010792                   0.00        224718.00     109601907.00  
15          05/06/2015      010790                   0.00        701124.00     108900783.00  
16          06/06/2015      0000001416          314343.00             0.00     109215126.00  
17          06/06/2015      010789                   0.00        219609.00     108995517.00  
18          08/06/2015      0000001450           60205.00             0.00     109055722.00  
19          09/06/2015      0000001462           66696.00             0.00     109122418.00  
20          09/06/2015      010781                   0.00        256094.00     108866324.00  
21          10/06/2015      0000001484           26291.00             0.00     108892615.00  
22          10/06/2015      0000001415            5700.00             0.00     108898315.00  
23          11/06/2015      0000001500           51122.00             0.00     108949437.00  
24          12/06/2015      0000001540           26759.00             0.00     108976196.00  
25          12/06/2015      010794                   0.00        180774.00     108795422.00  
26          15/06/2015      0000001581           15200.00             0.00     108810622.00  
27          15/06/2015      0000001584          106956.00             0.00     108917578.00  
28          15/06/2015      010799                   0.00        429573.00     108488005.00  
29          16/06/2015      0000001607          117358.00             0.00     108605363.00  
30          16/06/2015      0000001582          274856.00             0.00     108880219.00  
31          16/06/2015      0000001583            1939.00             0.00     108882158.00  
32          16/06/2015      010795                   0.00        180774.00     108701384.00  
33          17/06/2015      0000001625           70930.00             0.00     108772314.00  
34          17/06/2015      010793                   0.00        500006.00     108272308.00  
35          18/06/2015      0000001651           76593.00             0.00     108348901.00  
36          20/06/2015      010800                   0.00        449675.00     107899226.00  
37          22/06/2015      018255                   0.00        376000.00     107523226.00  
-----------------------------------------------------------------------------------------------------------
Total Credit: 1894004.00		Total Debit: 5269225.00		Closing Balance:107523226.00
-----------------------------------------------------------------------------------------------------------
-----------------------------------------------------------------------------------------------------------
