                                        Account Statement-06/2015
DDO:INSURANCE DEPT, ASST DIRECTOR, SRIKAKULAM(01010704001)                      Head of Account:(8011001050001000000NVN)
                                    Opening Balance:149810.00
S.No        Date            Chq/Trans              Credit            Debit          Balance
-----------------------------------------------------------------------------------------------------------
1           02/06/2015      0000004644             750.00             0.00        150560.00  
2           02/06/2015      0000004655            1050.00             0.00        151610.00  
3           02/06/2015      0000004661             200.00             0.00        151810.00  
4           04/06/2015      0000002004            7675.00             0.00        159485.00  
5           05/06/2015      0000001597             600.00             0.00        160085.00  
6           06/06/2015      0000007371            3350.00             0.00        163435.00  
7           08/06/2015      0000008897             600.00             0.00        164035.00  
8           08/06/2015      0000009059            1250.00             0.00        165285.00  
9           08/06/2015      0000009268             101.00             0.00        165386.00  
10          10/06/2015      0000009107             350.00             0.00        165736.00  
11          10/06/2015      0000009083            1300.00             0.00        167036.00  
12          10/06/2015      0000009100             750.00             0.00        167786.00  
13          11/06/2015      0000008813             200.00             0.00        167986.00  
14          11/06/2015      0000008808            1000.00             0.00        168986.00  
15          11/06/2015      0000008362             600.00             0.00        169586.00  
16          11/06/2015      0000008803             750.00             0.00        170336.00  
17          11/06/2015      0000008825            1050.00             0.00        171386.00  
18          11/06/2015      0000008892           10300.00             0.00        181686.00  
19          16/06/2015      0000009057            2000.00             0.00        183686.00  
20          16/06/2015      0000009072            2200.00             0.00        185886.00  
21          16/06/2015      0000001739            4375.00             0.00        190261.00  
22          16/06/2015      030880                   0.00       1757908.00      -1567647.00  
23          16/06/2015      030881                   0.00       2055509.00      -3623156.00  
24          17/06/2015      0000008935             250.00             0.00      -3622906.00  
25          17/06/2015      0000008948            1000.00             0.00      -3621906.00  
-----------------------------------------------------------------------------------------------------------
Total Credit: 41701.00		Total Debit: 3813417.00		Closing Balance:-3621906.00
-----------------------------------------------------------------------------------------------------------
-----------------------------------------------------------------------------------------------------------
