                                        Account Statement-06/2015
DDO:MUNICIPAL CORPORATION, COMMISSIONER, CHITTOOR(11011806001)                      Head of Account:Municipal_GF_Salaries(8448001020003002000NVN)
                                    Opening Balance:36673959.00
S.No        Date            Chq/Trans              Credit            Debit          Balance
-----------------------------------------------------------------------------------------------------------
1           01/06/2015      0000002046           14670.00             0.00      36688629.00  
2           01/06/2015      0000002049            2151.00             0.00      36690780.00  
3           02/06/2015      0000002093            2601.00             0.00      36693381.00  
4           02/06/2015      0000002103          128835.00             0.00      36822216.00  
5           03/06/2015      0000002108            1512.00             0.00      36823728.00  
6           03/06/2015      0000002139            2335.00             0.00      36826063.00  
7           04/06/2015      0000002156             281.00             0.00      36826344.00  
8           04/06/2015      0000002154            1650.00             0.00      36827994.00  
9           04/06/2015      0000002169           32135.00             0.00      36860129.00  
10          05/06/2015      0000002209          164840.00             0.00      37024969.00  
11          05/06/2015      0000002177             559.00             0.00      37025528.00  
12          05/06/2015      0000002208            6000.00             0.00      37031528.00  
13          06/06/2015      0000002218           30900.00             0.00      37062428.00  
14          06/06/2015      0000002220           50180.00             0.00      37112608.00  
15          08/06/2015      0000003809           62171.00             0.00      37174779.00  
16          08/06/2015      0000002292           58395.00             0.00      37233174.00  
17          09/06/2015      0000002316             484.00             0.00      37233658.00  
18          09/06/2015      0000002313          104475.00             0.00      37338133.00  
19          10/06/2015      0000002341            4120.00             0.00      37342253.00  
20          10/06/2015      0000002346           28010.00             0.00      37370263.00  
21          11/06/2015      0000002373            5723.00             0.00      37375986.00  
22          11/06/2015      0000002367           57975.00             0.00      37433961.00  
23          12/06/2015      0000002423             576.00             0.00      37434537.00  
24          18/06/2015      028014                   0.00       1219817.00      36214720.00  
25          18/06/2015      028017                   0.00        546943.00      35667777.00  
26          18/06/2015      028016                   0.00        225381.00      35442396.00  
-----------------------------------------------------------------------------------------------------------
Total Credit: 760578.00		Total Debit: 1992141.00		Closing Balance:35442396.00
-----------------------------------------------------------------------------------------------------------
-----------------------------------------------------------------------------------------------------------
