                                        Account Statement-05/2015
DDO:ZILLA GRANDHALAYA SAMSTH, SECY, SRIKAKULAM(01010313001)                      Head of Account:ZILLA_GRANDALAYA(8448001200003000000NVN)
                                    Opening Balance:17159232.00
S.No        Date            Chq/Trans              Credit            Debit          Balance
-----------------------------------------------------------------------------------------------------------
1           02/05/2015      0000000504             950.00             0.00      17160182.00  
2           11/05/2015      0000000970            4600.00             0.00      17164782.00  
3           11/05/2015      0000000789            2400.00             0.00      17167182.00  
4           11/05/2015      0000000790            4018.00             0.00      17171200.00  
5           13/05/2015      0000000686            3926.00             0.00      17175126.00  
6           13/05/2015      0000000687             100.00             0.00      17175226.00  
7           13/05/2015      0000001085            2723.00             0.00      17177949.00  
8           14/05/2015      0000001045            2853.00             0.00      17180802.00  
9           14/05/2015      0000001124            3371.00             0.00      17184173.00  
10          16/05/2015      0000001154            2318.00             0.00      17186491.00  
11          18/05/2015      0000000775            2500.00             0.00      17188991.00  
12          19/05/2015      0000001181            2022.00             0.00      17191013.00  
13          19/05/2015      0000001221             200.00             0.00      17191213.00  
14          19/05/2015      0000001220            2860.00             0.00      17194073.00  
15          19/05/2015      0000002988               0.00       1921016.00      15273057.00  
16          19/05/2015      0000002987               0.00         42259.00      15230798.00  
17          20/05/2015      0000001231            2687.00             0.00      15233485.00  
18          20/05/2015      0000000704            2724.00             0.00      15236209.00  
19          20/05/2015      0000001230            2221.00             0.00      15238430.00  
20          20/05/2015      0000001232            5025.00             0.00      15243455.00  
21          20/05/2015      0000001383            3222.00             0.00      15246677.00  
22          20/05/2015      0000003359               0.00        167150.00      15079527.00  
23          20/05/2015      0000003360               0.00          9761.00      15069766.00  
24          20/05/2015      0000003358               0.00        122650.00      14947116.00  
25          21/05/2015      0000000641            1730.00             0.00      14948846.00  
26          21/05/2015      0000003375               0.00         26554.00      14922292.00  
27          21/05/2015      0000000640             200.00             0.00      14922492.00  
28          22/05/2015      0000003439               0.00         20835.00      14901657.00  
29          23/05/2015      0000000890             930.00             0.00      14902587.00  
30          25/05/2015      0000000779            7181.00             0.00      14909768.00  
31          25/05/2015      0000001352             100.00             0.00      14909868.00  
32          25/05/2015      0000000778            2501.00             0.00      14912369.00  
-----------------------------------------------------------------------------------------------------------
Total Credit: 63362.00		Total Debit: 2310225.00		Closing Balance:14912369.00
-----------------------------------------------------------------------------------------------------------
-----------------------------------------------------------------------------------------------------------
