                                        Account Statement-06/2015
DDO:AGRL MARKETING COMMITTEE, SECY, TALLAREVU(03010102010)                      Head of Account:Ag_Market_Committee_Funds(8448001200002000000NVN)
                                    Opening Balance:95788803.00
S.No        Date            Chq/Trans              Credit            Debit          Balance
-----------------------------------------------------------------------------------------------------------
1           01/06/2015      0000002068           47850.00             0.00      95836653.00  
2           01/06/2015      0000002069            4780.00             0.00      95841433.00  
3           01/06/2015      0000002182            2026.00             0.00      95843459.00  
4           01/06/2015      0000002066           40100.00             0.00      95883559.00  
5           01/06/2015      0000002067           23850.00             0.00      95907409.00  
6           02/06/2015      0000002205           65200.00             0.00      95972609.00  
7           02/06/2015      0000002207           19800.00             0.00      95992409.00  
8           02/06/2015      0000002208           26700.00             0.00      96019109.00  
9           03/06/2015      0000002224           52600.00             0.00      96071709.00  
10          03/06/2015      0000002209           22385.00             0.00      96094094.00  
11          03/06/2015      0000002227           43800.00             0.00      96137894.00  
12          03/06/2015      0000002226            9900.00             0.00      96147794.00  
13          04/06/2015      0000002291           46000.00             0.00      96193794.00  
14          04/06/2015      0000002292           12100.00             0.00      96205894.00  
15          04/06/2015      0000002293           50050.00             0.00      96255944.00  
16          04/06/2015      0000002294            2525.00             0.00      96258469.00  
17          05/06/2015      0000002311           58520.00             0.00      96316989.00  
18          05/06/2015      0000002309           20300.00             0.00      96337289.00  
19          05/06/2015      0000002310           11343.00             0.00      96348632.00  
20          06/06/2015      0000002353           26300.00             0.00      96374932.00  
21          06/06/2015      0000002355           47300.00             0.00      96422232.00  
22          06/06/2015      0000002356           22910.00             0.00      96445142.00  
23          08/06/2015      0000002424            7452.00             0.00      96452594.00  
24          08/06/2015      0000002423           51150.00             0.00      96503744.00  
25          08/06/2015      0000002422            6400.00             0.00      96510144.00  
26          08/06/2015      0000002223           64691.00             0.00      96574835.00  
27          08/06/2015      0000002222           52763.00             0.00      96627598.00  
28          08/06/2015      0000002221            1295.00             0.00      96628893.00  
29          09/06/2015      0000002439           16847.00             0.00      96645740.00  
30          09/06/2015      0000002440           11500.00             0.00      96657240.00  
31          09/06/2015      0000002441           35400.00             0.00      96692640.00  
-----------------------------------------------------------------------------------------------------------
Total Credit: 903837.00		Total Debit: 0.00		Closing Balance:96692640.00
-----------------------------------------------------------------------------------------------------------
-----------------------------------------------------------------------------------------------------------
