                                        Account Statement-06/2015
DDO:ZILL PRAJA PARISHAD, DDO, ANANTAPUR(10012202012)                      Head of Account:ZPP_General_Fund(8448001090003001000NVN)
                                    Opening Balance:114520381.00
S.No        Date            Chq/Trans              Credit            Debit          Balance
-----------------------------------------------------------------------------------------------------------
1           03/06/2015      0000009824            5000.00             0.00     114525381.00  
2           04/06/2015      0000004385             200.00             0.00     114525581.00  
3           06/06/2015      0090009971               6.00             0.00     114525587.00  
4           06/06/2015      0090009867              18.00             0.00     114525605.00  
5           06/06/2015      0090009864             351.00             0.00     114525956.00  
6           06/06/2015      0090009844              79.00             0.00     114526035.00  
7           06/06/2015      0090009388              38.00             0.00     114526073.00  
8           06/06/2015      0090009367             267.00             0.00     114526340.00  
9           08/06/2015      0000010509             100.00             0.00     114526440.00  
10          10/06/2015      0000001271             100.00             0.00     114526540.00  
11          10/06/2015      0000003409            1700.00             0.00     114528240.00  
12          10/06/2015      0000003408            1800.00             0.00     114530040.00  
13          11/06/2015      0000003469            2100.00             0.00     114532140.00  
14          12/06/2015      0000000912            4024.00             0.00     114536164.00  
15          12/06/2015      0000000900           43675.00             0.00     114579839.00  
16          12/06/2015      0000000901           32898.00             0.00     114612737.00  
17          12/06/2015      0000000906           29152.00             0.00     114641889.00  
18          12/06/2015      0000000907            8155.00             0.00     114650044.00  
19          12/06/2015      0000000908            4671.00             0.00     114654715.00  
20          12/06/2015      0000000909            2527.00             0.00     114657242.00  
21          12/06/2015      0000000910           21711.00             0.00     114678953.00  
22          12/06/2015      0000000911            3332.00             0.00     114682285.00  
23          12/06/2015      0000000905           31409.00             0.00     114713694.00  
24          12/06/2015      0000000904           60622.00             0.00     114774316.00  
25          12/06/2015      0000000903           28667.00             0.00     114802983.00  
26          12/06/2015      0000000902           37697.00             0.00     114840680.00  
27          12/06/2015      0000006859           10600.00             0.00     114851280.00  
28          12/06/2015      0000006861         2927100.00             0.00     117778380.00  
29          12/06/2015      0000006860         2701100.00             0.00     120479480.00  
30          17/06/2015      0000001402            2000.00             0.00     120481480.00  
31          17/06/2015      0000002368           15000.00             0.00     120496480.00  
32          17/06/2015      0000002137          155279.00             0.00     120651759.00  
33          17/06/2015      0000002139          104771.00             0.00     120756530.00  
34          17/06/2015      0000002138          112708.00             0.00     120869238.00  
35          17/06/2015      0000002136          113330.00             0.00     120982568.00  
36          17/06/2015      0000002135          249298.00             0.00     121231866.00  
37          18/06/2015      0000007825           11950.00             0.00     121243816.00  
38          18/06/2015      0000012228             200.00             0.00     121244016.00  
-----------------------------------------------------------------------------------------------------------
Total Credit: 6723635.00		Total Debit: 0.00		Closing Balance:121244016.00
-----------------------------------------------------------------------------------------------------------
-----------------------------------------------------------------------------------------------------------
