                                        Account Statement-06/2015
DDO:ZILLA GRANDHALAYA SAMSTH, SECY, ELURU(04010313002)                      Head of Account:ZILLA_GRANDALAYA(8448001200003000000NVN)
                                    Opening Balance:47053851.00
S.No        Date            Chq/Trans              Credit            Debit          Balance
-----------------------------------------------------------------------------------------------------------
1           08/06/2015      0000010308           14229.00             0.00      47068080.00  
2           08/06/2015      0000010304           15104.00             0.00      47083184.00  
3           09/06/2015      0000010485           14637.00             0.00      47097821.00  
4           10/06/2015      0000007854            6650.00             0.00      47104471.00  
5           10/06/2015      0000002843              15.00             0.00      47104486.00  
6           10/06/2015      0000010604           21780.00             0.00      47126266.00  
7           10/06/2015      0000002919             590.00             0.00      47126856.00  
8           10/06/2015      008386                   0.00       1433625.00      45693231.00  
9           10/06/2015      008387                   0.00       2557840.00      43135391.00  
10          11/06/2015      0000002713             250.00             0.00      43135641.00  
11          11/06/2015      0000010722           19396.00             0.00      43155037.00  
12          11/06/2015      0000002865            5772.00             0.00      43160809.00  
13          11/06/2015      0000002871             117.00             0.00      43160926.00  
14          11/06/2015      0000002971             155.00             0.00      43161081.00  
15          11/06/2015      0000007954            2774.00             0.00      43163855.00  
16          11/06/2015      0000003865              60.00             0.00      43163915.00  
17          11/06/2015      0000003864              90.00             0.00      43164005.00  
18          11/06/2015      0000002712             600.00             0.00      43164605.00  
19          12/06/2015      0000010532          139610.00             0.00      43304215.00  
20          12/06/2015      0000002896            1070.00             0.00      43305285.00  
21          12/06/2015      0000003974             121.00             0.00      43305406.00  
22          12/06/2015      0000003025             332.00             0.00      43305738.00  
23          12/06/2015      0000002898              97.00             0.00      43305835.00  
24          12/06/2015      0000002909             105.00             0.00      43305940.00  
25          12/06/2015      0000007026            2030.00             0.00      43307970.00  
26          12/06/2015      0000010875           22199.00             0.00      43330169.00  
27          12/06/2015      0000002897             570.00             0.00      43330739.00  
28          13/06/2015      0000001854            2380.00             0.00      43333119.00  
29          15/06/2015      0000000931            8436.00             0.00      43341555.00  
30          15/06/2015      0000001177             285.00             0.00      43341840.00  
31          15/06/2015      0000001176             130.00             0.00      43341970.00  
32          15/06/2015      0000004027             160.00             0.00      43342130.00  
33          15/06/2015      0000007236             130.00             0.00      43342260.00  
34          15/06/2015      0000007234             985.00             0.00      43343245.00  
35          15/06/2015      008390                   0.00         12322.00      43330923.00  
36          16/06/2015      008389                   0.00        532871.00      42798052.00  
-----------------------------------------------------------------------------------------------------------
Total Credit: 280859.00		Total Debit: 4536658.00		Closing Balance:42798052.00
-----------------------------------------------------------------------------------------------------------
-----------------------------------------------------------------------------------------------------------
