                                        Account Statement-06/2015
DDO:DIST JUDGE, ELURU(04011603001)                      Head of Account:Civil_Court_Deposits(8443001040001000000NVN)
                                    Opening Balance:64952138.00
S.No        Date            Chq/Trans              Credit            Debit          Balance
-----------------------------------------------------------------------------------------------------------
1           02/06/2015      0000206192          102123.00             0.00      65054261.00  
2           02/06/2015      0000206190          645181.00             0.00      65699442.00  
3           02/06/2015      0000206194            1000.00             0.00      65700442.00  
4           02/06/2015      0000206191          111210.00             0.00      65811652.00  
5           03/06/2015      0000306024          297262.00             0.00      66108914.00  
6           03/06/2015      0000306001           35321.00             0.00      66144235.00  
7           03/06/2015      0000306003          460000.00             0.00      66604235.00  
8           03/06/2015      0000306021          270000.00             0.00      66874235.00  
9           03/06/2015      0000306014          420000.00             0.00      67294235.00  
10          03/06/2015      0000306020          130000.00             0.00      67424235.00  
11          03/06/2015      0000306013          475000.00             0.00      67899235.00  
12          03/06/2015      0000306012           38565.00             0.00      67937800.00  
13          03/06/2015      0000306023          285000.00             0.00      68222800.00  
14          03/06/2015      0000306005             970.00             0.00      68223770.00  
15          03/06/2015      0000306008          214193.00             0.00      68437963.00  
16          03/06/2015      0000306006          150000.00             0.00      68587963.00  
17          03/06/2015      0000306007          703394.00             0.00      69291357.00  
18          03/06/2015      0000306025          355000.00             0.00      69646357.00  
19          03/06/2015      0000306011          133910.00             0.00      69780267.00  
20          03/06/2015      0000306018          400000.00             0.00      70180267.00  
21          03/06/2015      0000306009          117552.00             0.00      70297819.00  
22          03/06/2015      0000306002          110534.00             0.00      70408353.00  
23          03/06/2015      0000306026          357182.00             0.00      70765535.00  
24          03/06/2015      0000306016          240000.00             0.00      71005535.00  
25          03/06/2015      0000306004          148566.00             0.00      71154101.00  
26          03/06/2015      0000306017           35000.00             0.00      71189101.00  
27          04/06/2015      0000406199           14816.00             0.00      71203917.00  
28          04/06/2015      0000406204           90202.00             0.00      71294119.00  
29          04/06/2015      0000406206           82387.00             0.00      71376506.00  
30          04/06/2015      0000406210           91531.00             0.00      71468037.00  
31          04/06/2015      0000406219          101318.00             0.00      71569355.00  
32          04/06/2015      0000406216          104111.00             0.00      71673466.00  
33          04/06/2015      0000406227           20021.00             0.00      71693487.00  
34          04/06/2015      0000406208           16833.00             0.00      71710320.00  
35          04/06/2015      0000406215          248944.00             0.00      71959264.00  
36          04/06/2015      0000406213          348686.00             0.00      72307950.00  
37          04/06/2015      0000406212           71266.00             0.00      72379216.00  
38          04/06/2015      0000406207           30567.00             0.00      72409783.00  
39          04/06/2015      0000406228           20021.00             0.00      72429804.00  
40          04/06/2015      0000406214           29975.00             0.00      72459779.00  
41          04/06/2015      0000406209           16833.00             0.00      72476612.00  
42          04/06/2015      0000406195           74294.00             0.00      72550906.00  
43          04/06/2015      0000406205           69045.00             0.00      72619951.00  
44          04/06/2015      0000406211          111661.00             0.00      72731612.00  
45          04/06/2015      0000406218           52055.00             0.00      72783667.00  
46          04/06/2015      0000406198          163598.00             0.00      72947265.00  
47          04/06/2015      0000406217           72878.00             0.00      73020143.00  
48          04/06/2015      0000406197           14816.00             0.00      73034959.00  
49          05/06/2015      0000506247          180229.00             0.00      73215188.00  
50          05/06/2015      0000506257          121025.00             0.00      73336213.00  
51          05/06/2015      0000506255          100579.00             0.00      73436792.00  
52          05/06/2015      0000506221           14160.00             0.00      73450952.00  
53          05/06/2015      0000506232           22529.00             0.00      73473481.00  
54          05/06/2015      0000506233          103232.00             0.00      73576713.00  
55          05/06/2015      0000506245           14988.00             0.00      73591701.00  
56          05/06/2015      0000506248           64133.00             0.00      73655834.00  
57          05/06/2015      0000506256          139811.00             0.00      73795645.00  
58          05/06/2015      0000506234          101028.00             0.00      73896673.00  
59          05/06/2015      0000506236           85287.00             0.00      73981960.00  
60          05/06/2015      0000506237          180403.00             0.00      74162363.00  
61          05/06/2015      0000506238           66773.00             0.00      74229136.00  
62          05/06/2015      0000506240           27822.00             0.00      74256958.00  
63          05/06/2015      0000506231           79715.00             0.00      74336673.00  
64          05/06/2015      0000506250          215841.00             0.00      74552514.00  
65          05/06/2015      0000506230          249052.00             0.00      74801566.00  
66          05/06/2015      0000506244           42870.00             0.00      74844436.00  
67          05/06/2015      0000506249          126038.00             0.00      74970474.00  
68          05/06/2015      0000506251          180229.00             0.00      75150703.00  
69          05/06/2015      0000506252           97149.00             0.00      75247852.00  
70          05/06/2015      0000506258           22005.00             0.00      75269857.00  
71          05/06/2015      0000506235          180404.00             0.00      75450261.00  
72          05/06/2015      0000506239           77902.00             0.00      75528163.00  
73          05/06/2015      0000506242          100160.00             0.00      75628323.00  
74          05/06/2015      0000506223           83036.00             0.00      75711359.00  
75          05/06/2015      0000506222          110714.00             0.00      75822073.00  
76          05/06/2015      0000506220          307438.00             0.00      76129511.00  
77          05/06/2015      0000506229          550000.00             0.00      76679511.00  
78          05/06/2015      0000506226          139536.00             0.00      76819047.00  
79          05/06/2015      0000506225           44286.00             0.00      76863333.00  
80          05/06/2015      0000506253          255949.00             0.00      77119282.00  
81          05/06/2015      0000506241           27822.00             0.00      77147104.00  
82          05/06/2015      0000506243           28502.00             0.00      77175606.00  
83          05/06/2015      0000506224           83036.00             0.00      77258642.00  
84          05/06/2015      0000506246           66143.00             0.00      77324785.00  
85          05/06/2015      0000506254           55357.00             0.00      77380142.00  
86          09/06/2015      0000906266          724292.00             0.00      78104434.00  
87          09/06/2015      0000906268           96574.00             0.00      78201008.00  
88          09/06/2015      0000906269           52524.00             0.00      78253532.00  
89          09/06/2015      0000906274           80730.00             0.00      78334262.00  
90          09/06/2015      0000906273            2820.00             0.00      78337082.00  
91          09/06/2015      0000906267          132354.00             0.00      78469436.00  
92          09/06/2015      0000906270            2135.00             0.00      78471571.00  
93          10/06/2015      0001006261          563229.00             0.00      79034800.00  
94          10/06/2015      0001006260          414628.00             0.00      79449428.00  
95          10/06/2015      0001006264          143293.00             0.00      79592721.00  
96          10/06/2015      0001006263          366121.00             0.00      79958842.00  
97          10/06/2015      0001006262           94651.00             0.00      80053493.00  
98          10/06/2015      0001006259          120448.00             0.00      80173941.00  
99          10/06/2015      0001006271             975.00             0.00      80174916.00  
100         10/06/2015      0001006272             970.00             0.00      80175886.00  
101         10/06/2015      0001006265          153939.00             0.00      80329825.00  
102         11/06/2015      009487                   0.00        150000.00      80179825.00  
103         13/06/2015      0001306276           90000.00             0.00      80269825.00  
104         13/06/2015      0001306289          184295.00             0.00      80454120.00  
105         13/06/2015      0001306290           59742.00             0.00      80513862.00  
106         13/06/2015      0001306275           41455.00             0.00      80555317.00  
107         13/06/2015      0001306278         3850000.00             0.00      84405317.00  
108         13/06/2015      0001302280           60000.00             0.00      84465317.00  
109         13/06/2015      0001306281          150000.00             0.00      84615317.00  
110         13/06/2015      0001306279           50000.00             0.00      84665317.00  
111         13/06/2015      0001306282           40000.00             0.00      84705317.00  
112         13/06/2015      0001306283           62000.00             0.00      84767317.00  
113         13/06/2015      0001306285          750000.00             0.00      85517317.00  
114         13/06/2015      0001306287          103950.00             0.00      85621267.00  
115         13/06/2015      0001306288           89612.00             0.00      85710879.00  
116         13/06/2015      0001306277           56000.00             0.00      85766879.00  
117         13/06/2015      0001306284          112593.00             0.00      85879472.00  
118         13/06/2015      009479                   0.00         89064.00      85790408.00  
119         13/06/2015      009480                   0.00         30000.00      85760408.00  
120         13/06/2015      009481                   0.00         30000.00      85730408.00  
121         13/06/2015      009482                   0.00         30000.00      85700408.00  
122         13/06/2015      009483                   0.00         30000.00      85670408.00  
123         13/06/2015      009484                   0.00        100000.00      85570408.00  
124         13/06/2015      009485                   0.00         40000.00      85530408.00  
125         17/06/2015      009491                   0.00        205000.00      85325408.00  
126         17/06/2015      009492                   0.00         34160.00      85291248.00  
127         18/06/2015      009488                   0.00        120000.00      85171248.00  
128         18/06/2015      009489                   0.00         90000.00      85081248.00  
129         19/06/2015      0001806286          450000.00             0.00      85531248.00  
130         19/06/2015      008710                   0.00        120192.00      85411056.00  
131         19/06/2015      008709                   0.00          8808.00      85402248.00  
132         19/06/2015      009495                   0.00        206752.00      85195496.00  
133         19/06/2015      009496                   0.00         41858.00      85153638.00  
134         19/06/2015      009498                   0.00         50000.00      85103638.00  
135         19/06/2015      009497                   0.00         20000.00      85083638.00  
136         19/06/2015      009499                   0.00         70000.00      85013638.00  
137         19/06/2015      008701                   0.00         30000.00      84983638.00  
138         20/06/2015      008713                   0.00        241969.00      84741669.00  
139         20/06/2015      008712                   0.00        324845.00      84416824.00  
140         20/06/2015      008726                   0.00         36246.00      84380578.00  
141         20/06/2015      008722                   0.00         33235.00      84347343.00  
142         20/06/2015      008720                   0.00        176438.00      84170905.00  
143         20/06/2015      009329                   0.00        153289.00      84017616.00  
144         20/06/2015      009276                   0.00         60723.00      83956893.00  
145         22/06/2015      009486                   0.00        195217.00      83761676.00  
146         23/06/2015      0002306299          226815.00             0.00      83988491.00  
147         23/06/2015      0002306300          463781.00             0.00      84452272.00  
148         23/06/2015      0002306293          983906.00             0.00      85436178.00  
149         23/06/2015      0002306296          140000.00             0.00      85576178.00  
150         23/06/2015      0002306295          350000.00             0.00      85926178.00  
151         23/06/2015      0002306297          488948.00             0.00      86415126.00  
152         23/06/2015      0002306294           25000.00             0.00      86440126.00  
153         23/06/2015      0002306298           25000.00             0.00      86465126.00  
154         23/06/2015      0002306292           25000.00             0.00      86490126.00  
155         23/06/2015      0002306291           20156.00             0.00      86510282.00  
156         23/06/2015      0002306301          374936.00             0.00      86885218.00  
157         23/06/2015      0002306302           25000.00             0.00      86910218.00  
158         23/06/2015      009490                   0.00        100000.00      86810218.00  
159         24/06/2015      008734                   0.00        356580.00      86453638.00  
160         24/06/2015      008735                   0.00         50000.00      86403638.00  
161         24/06/2015      008737                   0.00        161346.00      86242292.00  
162         24/06/2015      008738                   0.00        140000.00      86102292.00  
163         24/06/2015      008732                   0.00        184520.00      85917772.00  
164         24/06/2015      008731                   0.00         89133.00      85828639.00  
165         24/06/2015      008733                   0.00         51630.00      85777009.00  
166         24/06/2015      008728                   0.00        215781.00      85561228.00  
167         24/06/2015      008705                   0.00         30000.00      85531228.00  
168         24/06/2015      008706                   0.00        189624.00      85341604.00  
169         24/06/2015      008708                   0.00        567368.00      84774236.00  
170         24/06/2015      008707                   0.00        111134.00      84663102.00  
171         24/06/2015      009493                   0.00        108331.00      84554771.00  
172         24/06/2015      009494                   0.00        527537.00      84027234.00  
173         24/06/2015      008715                   0.00         68736.00      83958498.00  
174         24/06/2015      008716                   0.00         80000.00      83878498.00  
175         24/06/2015      008717                   0.00         70000.00      83808498.00  
176         24/06/2015      008718                   0.00        193457.00      83615041.00  
177         24/06/2015      008729                   0.00        160000.00      83455041.00  
178         24/06/2015      008730                   0.00        130000.00      83325041.00  
-----------------------------------------------------------------------------------------------------------
Total Credit: 24675876.00		Total Debit: 6302973.00		Closing Balance:83325041.00
-----------------------------------------------------------------------------------------------------------
-----------------------------------------------------------------------------------------------------------
