                                        Account Statement-06/2015
DDO:ZILLA GRANDHALAYA SAMSTH, SECY, NELLORE(08010309001)                      Head of Account:ZILLA_GRANDALAYA(8448001200003000000NVN)
                                    Opening Balance:8674741.00
S.No        Date            Chq/Trans              Credit            Debit          Balance
-----------------------------------------------------------------------------------------------------------
1           01/06/2015      0000001948              66.00             0.00       8674807.00  
2           02/06/2015      0000002044             310.00             0.00       8675117.00  
3           03/06/2015      0000002020             276.00             0.00       8675393.00  
4           03/06/2015      0000002021              75.00             0.00       8675468.00  
5           04/06/2015      0000001849             256.00             0.00       8675724.00  
6           04/06/2015      0000002076             243.00             0.00       8675967.00  
7           04/06/2015      0000002036             710.00             0.00       8676677.00  
8           04/06/2015      0000002022            1000.00             0.00       8677677.00  
9           05/06/2015      0000002100             279.00             0.00       8677956.00  
10          08/06/2015      0000002140             107.00             0.00       8678063.00  
11          09/06/2015      0000002201             274.00             0.00       8678337.00  
12          09/06/2015      0000001437              80.00             0.00       8678417.00  
13          09/06/2015      0000001436             296.00             0.00       8678713.00  
14          10/06/2015      0000002203             735.00             0.00       8679448.00  
15          10/06/2015      0000001459             300.00             0.00       8679748.00  
16          10/06/2015      0000002450             600.00             0.00       8680348.00  
17          10/06/2015      0000002211              81.00             0.00       8680429.00  
18          10/06/2015      0000001826             340.00             0.00       8680769.00  
19          10/06/2015      0000001825             100.00             0.00       8680869.00  
20          11/06/2015      0000004386          241928.00             0.00       8922797.00  
21          12/06/2015      0000002256             529.00             0.00       8923326.00  
22          12/06/2015      0000002255            1007.00             0.00       8924333.00  
23          15/06/2015      0000002303              74.00             0.00       8924407.00  
24          15/06/2015      0000002292             378.00             0.00       8924785.00  
25          15/06/2015      0000000848            1364.00             0.00       8926149.00  
26          16/06/2015      0000002325             156.00             0.00       8926305.00  
27          19/06/2015      0000002399             225.00             0.00       8926530.00  
28          19/06/2015      0000005513            1922.00             0.00       8928452.00  
29          20/06/2015      0000002434             241.00             0.00       8928693.00  
30          22/06/2015      0000002476             210.00             0.00       8928903.00  
-----------------------------------------------------------------------------------------------------------
Total Credit: 254162.00		Total Debit: 0.00		Closing Balance:8928903.00
-----------------------------------------------------------------------------------------------------------
-----------------------------------------------------------------------------------------------------------
