                                        Account Statement-05/2015
DDO:PD Administrator(04012202009)                      Head of Account:ZP_GPF(8338001040001000000NVN)
                                    Opening Balance:2310144822.00
S.No        Date            Chq/Trans              Credit            Debit          Balance
-----------------------------------------------------------------------------------------------------------
1           06/05/2015      0000001501          160500.00             0.00    2310305322.00  
2           07/05/2015      0000004401           32300.00             0.00    2310337622.00  
3           08/05/2015      0000001747           97500.00             0.00    2310435122.00  
4           11/05/2015      0000005426           10000.00             0.00    2310445122.00  
5           11/05/2015      0000005445           43000.00             0.00    2310488122.00  
6           12/05/2015      0000004259           55250.00             0.00    2310543372.00  
7           12/05/2015      0000003675            6000.00             0.00    2310549372.00  
8           13/05/2015      0000001360            6000.00             0.00    2310555372.00  
9           13/05/2015      0000003076               0.00       8396911.00    2302158461.00  
10          13/05/2015      0000001361            6000.00             0.00    2302164461.00  
11          15/05/2015      0000001826           79400.00             0.00    2302243861.00  
12          15/05/2015      0000003992           16000.00             0.00    2302259861.00  
13          15/05/2015      0000006460            9000.00             0.00    2302268861.00  
14          15/05/2015      0000006738          195800.00             0.00    2302464661.00  
15          16/05/2015      0000001744            5785.00             0.00    2302470446.00  
16          16/05/2015      0000001212           24000.00             0.00    2302494446.00  
17          16/05/2015      0000001213            6000.00             0.00    2302500446.00  
18          16/05/2015      0000001214           17000.00             0.00    2302517446.00  
19          16/05/2015      0000006661            3000.00             0.00    2302520446.00  
20          16/05/2015      0000003117               0.00      24874720.00    2277645726.00  
21          18/05/2015      0000007012            5700.00             0.00    2277651426.00  
22          18/05/2015      0000005371           12000.00             0.00    2277663426.00  
23          19/05/2015      0000005512           22827.00             0.00    2277686253.00  
24          20/05/2015      0000004708            1600.00             0.00    2277687853.00  
25          20/05/2015      0000001966            7000.00             0.00    2277694853.00  
26          21/05/2015      0000005946            6000.00             0.00    2277700853.00  
27          21/05/2015      0000007552          283636.00             0.00    2277984489.00  
28          21/05/2015      0000007554            2500.00             0.00    2277986989.00  
29          21/05/2015      0000007555             800.00             0.00    2277987789.00  
30          21/05/2015      0000001907           12000.00             0.00    2277999789.00  
31          22/05/2015      0000007553           30000.00             0.00    2278029789.00  
32          22/05/2015      0000004610               0.00        135170.00    2277894619.00  
33          23/05/2015      0000004622               0.00        232268.00    2277662351.00  
34          23/05/2015      0000007007           43000.00             0.00    2277705351.00  
35          25/05/2015      0000003027            1800.00             0.00    2277707151.00  
36          25/05/2015      0000002988            5000.00             0.00    2277712151.00  
37          25/05/2015      0000004677               0.00      14949243.00    2262762908.00  
-----------------------------------------------------------------------------------------------------------
Total Credit: 1206398.00		Total Debit: 48588312.00		Closing Balance:2262762908.00
-----------------------------------------------------------------------------------------------------------
-----------------------------------------------------------------------------------------------------------
