                                        Account Statement-06/2015
DDO:ZILLA PARISHAD, DY DIST DEVE OFFR, MACHILIPATNAM, KRISHNA DIST(05012202002)                      Head of Account:ZPP_General_Fund(8448001090003001000NVN)
                                    Opening Balance:285840834.00
S.No        Date            Chq/Trans              Credit            Debit          Balance
-----------------------------------------------------------------------------------------------------------
1           01/06/2015      0000001612           25000.00             0.00     285865834.00  
2           02/06/2015      0000002605             600.00             0.00     285866434.00  
3           02/06/2015      0000002604             600.00             0.00     285867034.00  
4           02/06/2015      0000002603             600.00             0.00     285867634.00  
5           02/06/2015      0000002602             600.00             0.00     285868234.00  
6           02/06/2015      0000002600             600.00             0.00     285868834.00  
7           02/06/2015      0000002599             600.00             0.00     285869434.00  
8           02/06/2015      0000002597             600.00             0.00     285870034.00  
9           02/06/2015      0000002596             600.00             0.00     285870634.00  
10          02/06/2015      0000002595             600.00             0.00     285871234.00  
11          02/06/2015      0000002594             600.00             0.00     285871834.00  
12          02/06/2015      0000002593             600.00             0.00     285872434.00  
13          02/06/2015      0000002590             600.00             0.00     285873034.00  
14          02/06/2015      0000002589             600.00             0.00     285873634.00  
15          02/06/2015      0000002588             600.00             0.00     285874234.00  
16          02/06/2015      0000002587             600.00             0.00     285874834.00  
17          02/06/2015      0000002426             600.00             0.00     285875434.00  
18          02/06/2015      0000002427             600.00             0.00     285876034.00  
19          02/06/2015      0000002428             600.00             0.00     285876634.00  
20          02/06/2015      0000002429             600.00             0.00     285877234.00  
21          02/06/2015      0000002508             600.00             0.00     285877834.00  
22          02/06/2015      0000002510             600.00             0.00     285878434.00  
23          02/06/2015      0000002511             600.00             0.00     285879034.00  
24          02/06/2015      0000002540             600.00             0.00     285879634.00  
25          02/06/2015      0000002542             600.00             0.00     285880234.00  
26          02/06/2015      0000002551             600.00             0.00     285880834.00  
27          02/06/2015      0000002552             600.00             0.00     285881434.00  
28          02/06/2015      0000002553             600.00             0.00     285882034.00  
29          02/06/2015      0000002554             600.00             0.00     285882634.00  
30          02/06/2015      0000002585             600.00             0.00     285883234.00  
31          02/06/2015      0000002586             600.00             0.00     285883834.00  
32          02/06/2015      0000002622            1300.00             0.00     285885134.00  
33          02/06/2015      0000002623            1300.00             0.00     285886434.00  
34          02/06/2015      0000002624            1300.00             0.00     285887734.00  
35          02/06/2015      0000002625            1300.00             0.00     285889034.00  
36          02/06/2015      0000002037             600.00             0.00     285889634.00  
37          02/06/2015      0000002609             600.00             0.00     285890234.00  
38          02/06/2015      0000002423             600.00             0.00     285890834.00  
39          02/06/2015      0000002607             600.00             0.00     285891434.00  
40          02/06/2015      0000002412             600.00             0.00     285892034.00  
41          02/06/2015      0000002411             600.00             0.00     285892634.00  
42          02/06/2015      0000002608             600.00             0.00     285893234.00  
43          02/06/2015      0000002606             600.00             0.00     285893834.00  
44          02/06/2015      0000002611            1200.00             0.00     285895034.00  
45          02/06/2015      0000002425             600.00             0.00     285895634.00  
46          02/06/2015      0000026365            3000.00             0.00     285898634.00  
47          02/06/2015      0000002610             600.00             0.00     285899234.00  
48          02/06/2015      0000002592             600.00             0.00     285899834.00  
49          02/06/2015      0000002509             600.00             0.00     285900434.00  
50          02/06/2015      0000002424             600.00             0.00     285901034.00  
51          02/06/2015      0000002422             600.00             0.00     285901634.00  
52          02/06/2015      0000002421             600.00             0.00     285902234.00  
53          02/06/2015      0000002420             600.00             0.00     285902834.00  
54          02/06/2015      0000002419             600.00             0.00     285903434.00  
55          02/06/2015      0000002418             600.00             0.00     285904034.00  
56          02/06/2015      0000002417             600.00             0.00     285904634.00  
57          02/06/2015      0000002416             600.00             0.00     285905234.00  
58          02/06/2015      0000002415             600.00             0.00     285905834.00  
59          02/06/2015      0000002414             600.00             0.00     285906434.00  
60          02/06/2015      0000002413             600.00             0.00     285907034.00  
61          04/06/2015      0000001283            4800.00             0.00     285911834.00  
62          05/06/2015      0000007263            1800.00             0.00     285913634.00  
63          06/06/2015      0090009323               9.00             0.00     285913643.00  
64          06/06/2015      0000007453             600.00             0.00     285914243.00  
65          09/06/2015      0000002939             600.00             0.00     285914843.00  
66          09/06/2015      0000002943             600.00             0.00     285915443.00  
67          09/06/2015      0000002944             600.00             0.00     285916043.00  
68          09/06/2015      0000002945             600.00             0.00     285916643.00  
69          09/06/2015      0000002946             600.00             0.00     285917243.00  
70          09/06/2015      0000002934             600.00             0.00     285917843.00  
71          09/06/2015      0000002935             600.00             0.00     285918443.00  
72          09/06/2015      0000002936             600.00             0.00     285919043.00  
73          09/06/2015      0000002937             600.00             0.00     285919643.00  
74          09/06/2015      0000002938             600.00             0.00     285920243.00  
75          09/06/2015      0000002940             600.00             0.00     285920843.00  
76          09/06/2015      0000002941             600.00             0.00     285921443.00  
77          09/06/2015      0000002952             600.00             0.00     285922043.00  
78          09/06/2015      0000002954             600.00             0.00     285922643.00  
79          09/06/2015      0000002955             600.00             0.00     285923243.00  
80          09/06/2015      0000002961             600.00             0.00     285923843.00  
81          09/06/2015      0000001456            1800.00             0.00     285925643.00  
82          09/06/2015      0000002942             600.00             0.00     285926243.00  
83          09/06/2015      0000002947             600.00             0.00     285926843.00  
84          09/06/2015      0000002949             600.00             0.00     285927443.00  
85          09/06/2015      0000002950             600.00             0.00     285928043.00  
86          09/06/2015      0000002951             600.00             0.00     285928643.00  
87          09/06/2015      0000002948             600.00             0.00     285929243.00  
88          10/06/2015      0000000718           48383.00             0.00     285977626.00  
89          10/06/2015      0000000722           29800.00             0.00     286007426.00  
90          10/06/2015      0000003018           23900.00             0.00     286031326.00  
91          10/06/2015      0000000724           43275.00             0.00     286074601.00  
92          10/06/2015      0000000720           48268.00             0.00     286122869.00  
93          11/06/2015      0000002871             600.00             0.00     286123469.00  
94          11/06/2015      0000001453           72000.00             0.00     286195469.00  
95          11/06/2015      0000001455            9900.00             0.00     286205369.00  
96          11/06/2015      0000000869          191944.00             0.00     286397313.00  
97          11/06/2015      0000002645             600.00             0.00     286397913.00  
98          11/06/2015      0000002646             600.00             0.00     286398513.00  
99          11/06/2015      0000002647             600.00             0.00     286399113.00  
100         11/06/2015      0000002648             600.00             0.00     286399713.00  
101         11/06/2015      0000002684             600.00             0.00     286400313.00  
102         11/06/2015      0000002685             600.00             0.00     286400913.00  
103         11/06/2015      0000002686             600.00             0.00     286401513.00  
104         11/06/2015      0000002687             600.00             0.00     286402113.00  
105         11/06/2015      0000002688             600.00             0.00     286402713.00  
106         11/06/2015      0000002689             600.00             0.00     286403313.00  
107         11/06/2015      0000002690             600.00             0.00     286403913.00  
108         11/06/2015      0000002691             600.00             0.00     286404513.00  
109         11/06/2015      0000002692             600.00             0.00     286405113.00  
110         11/06/2015      0000002693             600.00             0.00     286405713.00  
111         11/06/2015      0000002694             600.00             0.00     286406313.00  
112         11/06/2015      0000002872             600.00             0.00     286406913.00  
113         11/06/2015      0000002873             600.00             0.00     286407513.00  
114         11/06/2015      0000002874             600.00             0.00     286408113.00  
115         11/06/2015      0000002880             600.00             0.00     286408713.00  
116         11/06/2015      0000002881             600.00             0.00     286409313.00  
117         11/06/2015      0000002884             600.00             0.00     286409913.00  
118         11/06/2015      0000002991             600.00             0.00     286410513.00  
119         11/06/2015      0000002992             600.00             0.00     286411113.00  
120         11/06/2015      0000002993             600.00             0.00     286411713.00  
121         11/06/2015      0000002994             600.00             0.00     286412313.00  
122         11/06/2015      0000002995             600.00             0.00     286412913.00  
123         11/06/2015      018189                   0.00       3593356.00     282819557.00  
124         12/06/2015      0000000872          489028.00             0.00     283308585.00  
125         12/06/2015      0000003578            3000.00             0.00     283311585.00  
126         13/06/2015      0000002704             600.00             0.00     283312185.00  
127         13/06/2015      0000002703             600.00             0.00     283312785.00  
128         13/06/2015      0000003112             600.00             0.00     283313385.00  
129         13/06/2015      0000002702             600.00             0.00     283313985.00  
130         13/06/2015      0000002709             600.00             0.00     283314585.00  
131         13/06/2015      0000003102             600.00             0.00     283315185.00  
132         13/06/2015      0000003103             600.00             0.00     283315785.00  
133         13/06/2015      0000001417            1800.00             0.00     283317585.00  
134         13/06/2015      0000001400           91800.00             0.00     283409385.00  
135         13/06/2015      0000002701             600.00             0.00     283409985.00  
136         13/06/2015      0000002700             600.00             0.00     283410585.00  
137         13/06/2015      0000002699             600.00             0.00     283411185.00  
138         13/06/2015      0000002698             600.00             0.00     283411785.00  
139         13/06/2015      0000002697             600.00             0.00     283412385.00  
140         13/06/2015      0000002696             600.00             0.00     283412985.00  
141         13/06/2015      0000002695             600.00             0.00     283413585.00  
142         13/06/2015      0000003111             600.00             0.00     283414185.00  
143         13/06/2015      0000002707             600.00             0.00     283414785.00  
144         13/06/2015      0000002706             600.00             0.00     283415385.00  
145         13/06/2015      0000002708             600.00             0.00     283415985.00  
146         16/06/2015      0000000211         1041681.00             0.00     284457666.00  
147         16/06/2015      0000000479          409282.00             0.00     284866948.00  
-----------------------------------------------------------------------------------------------------------
Total Credit: 2619470.00		Total Debit: 3593356.00		Closing Balance:284866948.00
-----------------------------------------------------------------------------------------------------------
-----------------------------------------------------------------------------------------------------------
