                                        Account Statement-04/2015
DDO:PD Administrator(01010102004)                      Head of Account:S A M E T I(8449001200030000000NVN)
                                    Opening Balance:237950278.00
S.No        Date            Chq/Trans              Credit            Debit          Balance
-----------------------------------------------------------------------------------------------------------
1           10/04/2015      0000000460               0.00       1879150.00     236071128.00  
2           10/04/2015      0000000456               0.00        420000.00     235651128.00  
3           10/04/2015      0000000459               0.00       1728000.00     233923128.00  
4           10/04/2015      0000000458               0.00        128242.00     233794886.00  
5           13/04/2015      0000000457               0.00       3280500.00     230514386.00  
6           15/04/2015      0000000974          762646.00             0.00     231277032.00  
7           18/04/2015      0000000691               0.00        177000.00     231100032.00  
8           18/04/2015      0000000693               0.00        888750.00     230211282.00  
9           18/04/2015      0000000690               0.00       6654731.00     223556551.00  
10          18/04/2015      0000000695               0.00        247242.00     223309309.00  
11          18/04/2015      0000000694               0.00       2684800.00     220624509.00  
12          21/04/2015      0000001319         1838400.00             0.00     222462909.00  
13          21/04/2015      0000002070          616000.00             0.00     223078909.00  
14          21/04/2015      0000002182         1665600.00             0.00     224744509.00  
15          21/04/2015      0000000795               0.00        110246.00     224634263.00  
16          21/04/2015      0000000790               0.00        131140.00     224503123.00  
17          21/04/2015      0000000796               0.00        416700.00     224086423.00  
18          21/04/2015      0000000797               0.00        700000.00     223386423.00  
19          25/04/2015      0000001003               0.00         47150.00     223339273.00  
20          27/04/2015      0000001064               0.00        557500.00     222781773.00  
21          27/04/2015      0000001368               0.00        447548.00     222334225.00  
22          27/04/2015      0000001369               0.00         55800.00     222278425.00  
23          27/04/2015      0000001371               0.00          5793.00     222272632.00  
24          27/04/2015      0000001367               0.00        450102.00     221822530.00  
25          27/04/2015      0000001063               0.00       4934300.00     216888230.00  
26          27/04/2015      0000001370               0.00        211500.00     216676730.00  
27          28/04/2015      0000003077         1200000.00             0.00     217876730.00  
28          28/04/2015      0000003023         1452270.00             0.00     219329000.00  
29          28/04/2015      0000003024          420000.00             0.00     219749000.00  
-----------------------------------------------------------------------------------------------------------
Total Credit: 7954916.00		Total Debit: 26156194.00		Closing Balance:219749000.00
-----------------------------------------------------------------------------------------------------------
-----------------------------------------------------------------------------------------------------------
