                                        Account Statement-06/2015
DDO:ZILLA GRANDHALAYA SAMSTH, SECY, YSR KADAPA(12010313001)                      Head of Account:ZILLA_GRANDALAYA(8448001200003000000NVN)
                                    Opening Balance:43839235.00
S.No        Date            Chq/Trans              Credit            Debit          Balance
-----------------------------------------------------------------------------------------------------------
1           01/06/2015      0000001879             214.00             0.00      43839449.00  
2           01/06/2015      0000001899             600.00             0.00      43840049.00  
3           01/06/2015      0000002385            2342.00             0.00      43842391.00  
4           01/06/2015      0000005175            4556.00             0.00      43846947.00  
5           02/06/2015      0000002416            2127.00             0.00      43849074.00  
6           02/06/2015      0000006798          100000.00             0.00      43949074.00  
7           02/06/2015      0000001935            1212.00             0.00      43950286.00  
8           02/06/2015      0000001960           11542.00             0.00      43961828.00  
9           02/06/2015      0000001932             300.00             0.00      43962128.00  
10          02/06/2015      0000005307            5004.00             0.00      43967132.00  
11          02/06/2015      0000001269             205.00             0.00      43967337.00  
12          02/06/2015      0000001933            2866.00             0.00      43970203.00  
13          03/06/2015      0000005425            6739.00             0.00      43976942.00  
14          03/06/2015      0000001827             908.00             0.00      43977850.00  
15          03/06/2015      0000002471            1603.00             0.00      43979453.00  
16          03/06/2015      0000002026           15848.00             0.00      43995301.00  
17          04/06/2015      0000001849             461.00             0.00      43995762.00  
18          04/06/2015      0000005537            4309.00             0.00      44000071.00  
19          04/06/2015      0000001305             300.00             0.00      44000371.00  
20          04/06/2015      0000002126           12548.00             0.00      44012919.00  
21          04/06/2015      0000002496            1493.00             0.00      44014412.00  
22          05/06/2015      0000002146           17949.00             0.00      44032361.00  
23          05/06/2015      0000002505            1273.00             0.00      44033634.00  
24          05/06/2015      0000001934            2400.00             0.00      44036034.00  
25          05/06/2015      0000001434             200.00             0.00      44036234.00  
26          05/06/2015      0000005605            8438.00             0.00      44044672.00  
27          06/06/2015      0000005707            3684.00             0.00      44048356.00  
28          06/06/2015      0000002170           15856.00             0.00      44064212.00  
29          08/06/2015      0000005777            5131.00             0.00      44069343.00  
30          08/06/2015      0000001731             200.00             0.00      44069543.00  
31          08/06/2015      0000002189           19803.00             0.00      44089346.00  
32          08/06/2015      0000001762             135.00             0.00      44089481.00  
33          09/06/2015      0000005906            5344.00             0.00      44094825.00  
34          09/06/2015      0000002018             776.00             0.00      44095601.00  
35          09/06/2015      0000002210           22977.00             0.00      44118578.00  
36          09/06/2015      0000002638            1182.00             0.00      44119760.00  
37          10/06/2015      0000002243           23317.00             0.00      44143077.00  
38          10/06/2015      0000002060             988.00             0.00      44144065.00  
39          10/06/2015      0000005991           13549.00             0.00      44157614.00  
40          10/06/2015      0000002685            1623.00             0.00      44159237.00  
41          11/06/2015      0000002133             500.00             0.00      44159737.00  
42          11/06/2015      0000006103           22707.00             0.00      44182444.00  
43          11/06/2015      0000002141             992.00             0.00      44183436.00  
44          11/06/2015      0000002700            2895.00             0.00      44186331.00  
45          11/06/2015      0000002094             392.00             0.00      44186723.00  
46          11/06/2015      0000002193           25000.00             0.00      44211723.00  
47          11/06/2015      0000002194           25000.00             0.00      44236723.00  
48          11/06/2015      0000002271           31451.00             0.00      44268174.00  
49          11/06/2015      0000001442             202.00             0.00      44268376.00  
50          12/06/2015      0000002284           23825.00             0.00      44292201.00  
51          12/06/2015      0000006237           19246.00             0.00      44311447.00  
52          12/06/2015      0000002160             461.00             0.00      44311908.00  
53          12/06/2015      0000002757             999.00             0.00      44312907.00  
54          12/06/2015      0000001459             213.00             0.00      44313120.00  
55          13/06/2015      0000002134             525.00             0.00      44313645.00  
56          15/06/2015      0000002347           22438.00             0.00      44336083.00  
57          15/06/2015      0000002803            1218.00             0.00      44337301.00  
58          15/06/2015      0000006344           16091.00             0.00      44353392.00  
59          15/06/2015      005096                   0.00       2720378.00      41633014.00  
60          16/06/2015      0000002224            4020.00             0.00      41637034.00  
61          16/06/2015      0000002867            2444.00             0.00      41639478.00  
62          16/06/2015      0000002263             619.00             0.00      41640097.00  
63          16/06/2015      0000002383           27854.00             0.00      41667951.00  
64          17/06/2015      0000006648           32939.00             0.00      41700890.00  
65          17/06/2015      0000002440           31420.00             0.00      41732310.00  
66          17/06/2015      0000001530              93.00             0.00      41732403.00  
67          17/06/2015      0000001338             212.00             0.00      41732615.00  
68          17/06/2015      0000002360            1879.00             0.00      41734494.00  
69          17/06/2015      0000002909            2177.00             0.00      41736671.00  
70          18/06/2015      0000002398            1815.00             0.00      41738486.00  
71          18/06/2015      0000006818           43366.00             0.00      41781852.00  
72          18/06/2015      0000003015            2138.00             0.00      41783990.00  
73          18/06/2015      0000002023             261.00             0.00      41784251.00  
74          18/06/2015      0000002308             576.00             0.00      41784827.00  
75          19/06/2015      0000006975           26354.00             0.00      41811181.00  
76          19/06/2015      0000002064             800.00             0.00      41811981.00  
77          19/06/2015      0000001712             200.00             0.00      41812181.00  
78          19/06/2015      0000003079            1554.00             0.00      41813735.00  
79          19/06/2015      0000002453             621.00             0.00      41814356.00  
80          19/06/2015      0000002335              74.00             0.00      41814430.00  
81          20/06/2015      0000002352              61.00             0.00      41814491.00  
82          20/06/2015      0000003097            1232.00             0.00      41815723.00  
83          20/06/2015      0000007127           23174.00             0.00      41838897.00  
84          20/06/2015      0000002482             354.00             0.00      41839251.00  
85          22/06/2015      0000001869             300.00             0.00      41839551.00  
86          22/06/2015      0000001673           19777.00             0.00      41859328.00  
87          22/06/2015      0000002395            1040.00             0.00      41860368.00  
88          22/06/2015      0000001591             100.00             0.00      41860468.00  
89          22/06/2015      0000001601             405.00             0.00      41860873.00  
90          22/06/2015      0000007270           23626.00             0.00      41884499.00  
91          22/06/2015      0000007323            8552.00             0.00      41893051.00  
92          22/06/2015      0000007324             300.00             0.00      41893351.00  
93          22/06/2015      0000002541             254.00             0.00      41893605.00  
94          22/06/2015      0000003150             112.00             0.00      41893717.00  
95          22/06/2015      0000002112             200.00             0.00      41893917.00  
96          23/06/2015      0000002164             100.00             0.00      41894017.00  
97          23/06/2015      0000007368           40930.00             0.00      41934947.00  
98          23/06/2015      0000001909             500.00             0.00      41935447.00  
99          23/06/2015      0000001901             200.00             0.00      41935647.00  
100         23/06/2015      0000001900             153.00             0.00      41935800.00  
-----------------------------------------------------------------------------------------------------------
Total Credit: 816943.00		Total Debit: 2720378.00		Closing Balance:41935800.00
-----------------------------------------------------------------------------------------------------------
-----------------------------------------------------------------------------------------------------------
