                                        Account Statement-06/2015
DDO:INSURANCE DEPT, ASST DIRECTOR, YSR KADAPA(12010704001)                      Head of Account:(8011001050001000000NVN)
                                    Opening Balance:32919.00
S.No        Date            Chq/Trans              Credit            Debit          Balance
-----------------------------------------------------------------------------------------------------------
1           01/06/2015      0000005208            1000.00             0.00         33919.00  
2           02/06/2015      0000006832             750.00             0.00         34669.00  
3           04/06/2015      0000006943             750.00             0.00         35419.00  
4           05/06/2015      0000007213             200.00             0.00         35619.00  
5           05/06/2015      0000006879             350.00             0.00         35969.00  
6           05/06/2015      0000007145            6000.00             0.00         41969.00  
7           06/06/2015      0000007122            9000.00             0.00         50969.00  
8           09/06/2015      0000007528             750.00             0.00         51719.00  
9           10/06/2015      0000007797            6050.00             0.00         57769.00  
10          10/06/2015      0000007233            1250.00             0.00         59019.00  
11          10/06/2015      0000007256             450.00             0.00         59469.00  
12          10/06/2015      0000007369             450.00             0.00         59919.00  
13          10/06/2015      0000007430             750.00             0.00         60669.00  
14          10/06/2015      0000007585            1050.00             0.00         61719.00  
15          10/06/2015      0000007586             600.00             0.00         62319.00  
16          10/06/2015      0000007587            1450.00             0.00         63769.00  
17          10/06/2015      0000007588             600.00             0.00         64369.00  
18          10/06/2015      0000007622             100.00             0.00         64469.00  
19          11/06/2015      0000007633             600.00             0.00         65069.00  
20          11/06/2015      0000007627            1700.00             0.00         66769.00  
21          11/06/2015      014126                   0.00       2113027.00      -2046258.00  
22          11/06/2015      014127                   0.00       3868548.00      -5914806.00  
23          11/06/2015      014128                   0.00       1006362.00      -6921168.00  
24          11/06/2015      014129                   0.00       2450274.00      -9371442.00  
25          15/06/2015      0000008002             450.00             0.00      -9370992.00  
26          15/06/2015      0000008003            1850.00             0.00      -9369142.00  
27          15/06/2015      0000007544           15548.00             0.00      -9353594.00  
28          15/06/2015      0000007914            5000.00             0.00      -9348594.00  
29          15/06/2015      0000007915            3050.00             0.00      -9345544.00  
30          15/06/2015      0000007917             800.00             0.00      -9344744.00  
31          15/06/2015      0000007919             300.00             0.00      -9344444.00  
32          15/06/2015      0000007931            9850.00             0.00      -9334594.00  
33          15/06/2015      0000007536            6500.00             0.00      -9328094.00  
34          16/06/2015      0000001432           33700.00             0.00      -9294394.00  
35          17/06/2015      0000001893           35125.00             0.00      -9259269.00  
36          17/06/2015      0000000637            7575.00             0.00      -9251694.00  
37          17/06/2015      0000008068             450.00             0.00      -9251244.00  
38          17/06/2015      014131                   0.00       2766772.00     -12018016.00  
39          17/06/2015      014130                   0.00       2523911.00     -14541927.00  
40          18/06/2015      0000006741            2400.00             0.00     -14539527.00  
41          20/06/2015      0000007108           72591.00             0.00     -14466936.00  
-----------------------------------------------------------------------------------------------------------
Total Credit: 229039.00		Total Debit: 14728894.00		Closing Balance:-14466936.00
-----------------------------------------------------------------------------------------------------------
-----------------------------------------------------------------------------------------------------------
