                                        Account Statement-04/2015
DDO:PRL JUNIOR CIVIL JUDGE, KAKINADA (03011603011)                      Head of Account:Civil_Court_Deposits(8443001040001000000NVN)
                                    Opening Balance:23809156.00
S.No        Date            Chq/Trans              Credit            Debit          Balance
-----------------------------------------------------------------------------------------------------------
1           04/04/2015      0000000194            2197.00             0.00      23811353.00  
2           04/04/2015      0000000008             950.00             0.00      23812303.00  
3           04/04/2015      0000000193            1678.00             0.00      23813981.00  
4           06/04/2015      0000000003            1800.00             0.00      23815781.00  
5           06/04/2015      0000000180             300.00             0.00      23816081.00  
6           06/04/2015      0000000006            2000.00             0.00      23818081.00  
7           06/04/2015      0000000005            2000.00             0.00      23820081.00  
8           06/04/2015      0000000004            2000.00             0.00      23822081.00  
9           07/04/2015      0000000196            3219.00             0.00      23825300.00  
10          07/04/2015      0000000181            2380.00             0.00      23827680.00  
11          08/04/2015      0000000185            5200.00             0.00      23832880.00  
12          08/04/2015      0000000184             325.00             0.00      23833205.00  
13          10/04/2015      0000000327           98955.00             0.00      23932160.00  
14          13/04/2015      0000001375               0.00         24000.00      23908160.00  
15          13/04/2015      0000001376               0.00         54113.00      23854047.00  
16          15/04/2015      0000000381            1000.00             0.00      23855047.00  
17          15/04/2015      0000000379            1000.00             0.00      23856047.00  
18          15/04/2015      0000000380            1000.00             0.00      23857047.00  
19          15/04/2015      0000000377            1650.00             0.00      23858697.00  
20          15/04/2015      0000000375            1650.00             0.00      23860347.00  
21          15/04/2015      0000000195             300.00             0.00      23860647.00  
22          15/04/2015      0000000388            1950.00             0.00      23862597.00  
23          15/04/2015      0000000384            3230.00             0.00      23865827.00  
24          15/04/2015      0000000383            1000.00             0.00      23866827.00  
25          16/04/2015      0000000393            3167.00             0.00      23869994.00  
26          16/04/2015      0000000419            5650.00             0.00      23875644.00  
27          16/04/2015      0000000418            5570.00             0.00      23881214.00  
28          16/04/2015      0000000417            3000.00             0.00      23884214.00  
29          16/04/2015      0000000416            7400.00             0.00      23891614.00  
30          16/04/2015      0000000405             916.00             0.00      23892530.00  
31          16/04/2015      0000000404             350.00             0.00      23892880.00  
32          16/04/2015      0000000403             680.00             0.00      23893560.00  
33          16/04/2015      0000000402            1134.00             0.00      23894694.00  
34          16/04/2015      0000000401            3600.00             0.00      23898294.00  
35          16/04/2015      0000000399            1000.00             0.00      23899294.00  
36          16/04/2015      0000000397            2783.00             0.00      23902077.00  
37          16/04/2015      0000000396            2783.00             0.00      23904860.00  
38          16/04/2015      0000000395            2605.00             0.00      23907465.00  
39          16/04/2015      0000000394            2000.00             0.00      23909465.00  
40          16/04/2015      0000000389            6400.00             0.00      23915865.00  
41          16/04/2015      0000000392            1040.00             0.00      23916905.00  
42          16/04/2015      0000000391            6097.00             0.00      23923002.00  
43          16/04/2015      0000000390            3200.00             0.00      23926202.00  
44          16/04/2015      0000000370            9609.00             0.00      23935811.00  
45          16/04/2015      0000000371           21422.00             0.00      23957233.00  
46          17/04/2015      0000001468               0.00         38549.00      23918684.00  
47          17/04/2015      0000000341             300.00             0.00      23918984.00  
48          20/04/2015      0000000479            2000.00             0.00      23920984.00  
49          20/04/2015      0000000480            4900.00             0.00      23925884.00  
50          20/04/2015      0000000488            3620.00             0.00      23929504.00  
51          20/04/2015      0000000489            4620.00             0.00      23934124.00  
52          20/04/2015      0000000490            4620.00             0.00      23938744.00  
53          20/04/2015      0000000491           12702.00             0.00      23951446.00  
54          20/04/2015      0000000487            2820.00             0.00      23954266.00  
55          20/04/2015      0000000486            3620.00             0.00      23957886.00  
56          20/04/2015      0000000485           10370.00             0.00      23968256.00  
57          20/04/2015      0000000484            1950.00             0.00      23970206.00  
58          20/04/2015      0000000483            2000.00             0.00      23972206.00  
59          20/04/2015      0000000477            4774.00             0.00      23976980.00  
60          20/04/2015      0000000481            3007.00             0.00      23979987.00  
61          20/04/2015      0000000492            6370.00             0.00      23986357.00  
62          20/04/2015      0000000493            1000.00             0.00      23987357.00  
63          20/04/2015      0000000494            5127.00             0.00      23992484.00  
64          20/04/2015      0000000495            4900.00             0.00      23997384.00  
65          20/04/2015      0000000496            3415.00             0.00      24000799.00  
66          20/04/2015      0000000497            1950.00             0.00      24002749.00  
67          20/04/2015      0000000498            2868.00             0.00      24005617.00  
68          20/04/2015      0000000499            3269.00             0.00      24008886.00  
69          20/04/2015      0000000500           11776.00             0.00      24020662.00  
70          20/04/2015      0000000501            3535.00             0.00      24024197.00  
71          20/04/2015      0000000502            3658.00             0.00      24027855.00  
72          20/04/2015      0000000503            1000.00             0.00      24028855.00  
73          20/04/2015      0000000482            4350.00             0.00      24033205.00  
74          20/04/2015      0000000478            2820.00             0.00      24036025.00  
75          21/04/2015      0000000509             355.00             0.00      24036380.00  
76          21/04/2015      0000000508            1191.00             0.00      24037571.00  
77          21/04/2015      0000000510            2200.00             0.00      24039771.00  
78          21/04/2015      0000000511             928.00             0.00      24040699.00  
79          21/04/2015      0000000512            3620.00             0.00      24044319.00  
80          21/04/2015      0000000513            1000.00             0.00      24045319.00  
81          21/04/2015      0000000514            3900.00             0.00      24049219.00  
82          21/04/2015      0000000515            4255.00             0.00      24053474.00  
83          21/04/2015      0000000516            2000.00             0.00      24055474.00  
84          21/04/2015      0000000504             551.00             0.00      24056025.00  
85          21/04/2015      0000000505             827.00             0.00      24056852.00  
86          21/04/2015      0000000506             456.00             0.00      24057308.00  
87          21/04/2015      0000000507            1550.00             0.00      24058858.00  
88          23/04/2015      0000000680          360000.00             0.00      24418858.00  
89          24/04/2015      0000000722            2323.00             0.00      24421181.00  
90          24/04/2015      0000000721            2066.00             0.00      24423247.00  
91          24/04/2015      0000000720             970.00             0.00      24424217.00  
92          24/04/2015      0000000719            1783.00             0.00      24426000.00  
93          24/04/2015      0000000718            3850.00             0.00      24429850.00  
94          24/04/2015      0000000717            3010.00             0.00      24432860.00  
95          24/04/2015      0000000716            2323.00             0.00      24435183.00  
96          24/04/2015      0000000715            2066.00             0.00      24437249.00  
97          24/04/2015      0000000714             970.00             0.00      24438219.00  
98          24/04/2015      0000000713            3850.00             0.00      24442069.00  
99          24/04/2015      0000000712            3010.00             0.00      24445079.00  
100         24/04/2015      0000000711            2323.00             0.00      24447402.00  
101         24/04/2015      0000000710            2066.00             0.00      24449468.00  
102         24/04/2015      0000000709            1800.00             0.00      24451268.00  
103         24/04/2015      0000000708             970.00             0.00      24452238.00  
104         24/04/2015      0000000643            3773.00             0.00      24456011.00  
105         24/04/2015      0000000642            1000.00             0.00      24457011.00  
106         24/04/2015      0000000641            1000.00             0.00      24458011.00  
107         24/04/2015      0000000640             997.00             0.00      24459008.00  
108         24/04/2015      0000000639            3000.00             0.00      24462008.00  
109         24/04/2015      0000000637            5200.00             0.00      24467208.00  
110         24/04/2015      0000000634            1000.00             0.00      24468208.00  
111         24/04/2015      0000000529            1000.00             0.00      24469208.00  
112         24/04/2015      0000000527            3400.00             0.00      24472608.00  
113         24/04/2015      0000000526            1000.00             0.00      24473608.00  
114         24/04/2015      0000000525            1152.00             0.00      24474760.00  
115         24/04/2015      0000000524            3773.00             0.00      24478533.00  
116         24/04/2015      0000000523            3000.00             0.00      24481533.00  
117         24/04/2015      0000000373            3910.00             0.00      24485443.00  
118         24/04/2015      0000000724            3850.00             0.00      24489293.00  
119         24/04/2015      0000000374            3870.00             0.00      24493163.00  
120         24/04/2015      0000000522            4350.00             0.00      24497513.00  
121         24/04/2015      0000000521             997.00             0.00      24498510.00  
122         24/04/2015      0000000520            5350.00             0.00      24503860.00  
123         24/04/2015      0000000519            2000.00             0.00      24505860.00  
124         24/04/2015      0000000518            2000.00             0.00      24507860.00  
125         24/04/2015      0000000736            3850.00             0.00      24511710.00  
126         24/04/2015      0000000735            3850.00             0.00      24515560.00  
127         24/04/2015      0000000734            1458.00             0.00      24517018.00  
128         24/04/2015      0000000733            2122.00             0.00      24519140.00  
129         24/04/2015      0000000732            3850.00             0.00      24522990.00  
130         24/04/2015      0000000731            3010.00             0.00      24526000.00  
131         24/04/2015      0000000730            2323.00             0.00      24528323.00  
132         24/04/2015      0000000729            2066.00             0.00      24530389.00  
133         24/04/2015      0000000728             970.00             0.00      24531359.00  
134         24/04/2015      0000000727            1462.00             0.00      24532821.00  
135         24/04/2015      0000000725            2122.00             0.00      24534943.00  
136         24/04/2015      0000000723            3010.00             0.00      24537953.00  
137         24/04/2015      0000000517            4480.00             0.00      24542433.00  
138         24/04/2015      0000000378           53664.00             0.00      24596097.00  
139         25/04/2015      0000000644             413.00             0.00      24596510.00  
140         25/04/2015      0000000779            1000.00             0.00      24597510.00  
141         25/04/2015      0000000646            1000.00             0.00      24598510.00  
142         25/04/2015      0000000647            1000.00             0.00      24599510.00  
143         25/04/2015      0000000648            1000.00             0.00      24600510.00  
144         25/04/2015      0000000649            1000.00             0.00      24601510.00  
145         25/04/2015      0000000650            2030.00             0.00      24603540.00  
146         25/04/2015      0000000651            4870.00             0.00      24608410.00  
147         25/04/2015      0000000652            7173.00             0.00      24615583.00  
148         25/04/2015      0000000528            1000.00             0.00      24616583.00  
149         25/04/2015      0000000645            1000.00             0.00      24617583.00  
150         28/04/2015      0000000758            2600.00             0.00      24620183.00  
151         28/04/2015      0000002885               0.00         95445.00      24524738.00  
152         28/04/2015      0000002886               0.00        109295.00      24415443.00  
153         29/04/2015      0000002967               0.00        122108.00      24293335.00  
154         29/04/2015      0000002965               0.00         38885.00      24254450.00  
155         29/04/2015      0000002966               0.00         51070.00      24203380.00  
156         30/04/2015      0000003067               0.00         32536.00      24170844.00  
-----------------------------------------------------------------------------------------------------------
Total Credit: 927689.00		Total Debit: 566001.00		Closing Balance:24170844.00
-----------------------------------------------------------------------------------------------------------
-----------------------------------------------------------------------------------------------------------
