                                        Account Statement-04/2015
DDO:PRL DIST MUNSIFJUDGE, MACHILIPATNAM, KRISHNA DIST(05011603004)                      Head of Account:Civil_Court_Deposits(8443001040001000000NVN)
                                    Opening Balance:6798039.00
S.No        Date            Chq/Trans              Credit            Debit          Balance
-----------------------------------------------------------------------------------------------------------
1           02/04/2015      0000000022             600.00             0.00       6798639.00  
2           02/04/2015      0000000229               0.00        315064.00       6483575.00  
3           02/04/2015      0000000033             350.00             0.00       6483925.00  
4           02/04/2015      0000000034            1500.00             0.00       6485425.00  
5           02/04/2015      0000000035            1200.00             0.00       6486625.00  
6           02/04/2015      0000000036            1200.00             0.00       6487825.00  
7           02/04/2015      0000000037            1200.00             0.00       6489025.00  
8           04/04/2015      0000000311               0.00        550561.00       5938464.00  
9           04/04/2015      0000000047             850.00             0.00       5939314.00  
10          04/04/2015      0000000057             650.00             0.00       5939964.00  
11          04/04/2015      0000000313               0.00         10225.00       5929739.00  
12          04/04/2015      0000000308               0.00        493824.00       5435915.00  
13          07/04/2015      0000000362               0.00         18000.00       5417915.00  
14          07/04/2015      0000000103            3000.00             0.00       5420915.00  
15          10/04/2015      0000000206            1800.00             0.00       5422715.00  
16          15/04/2015      0000000242            1000.00             0.00       5423715.00  
17          15/04/2015      0000000243            1000.00             0.00       5424715.00  
18          20/04/2015      0000000408            5000.00             0.00       5429715.00  
19          20/04/2015      0000000385            2820.00             0.00       5432535.00  
20          20/04/2015      0000000386           52625.00             0.00       5485160.00  
21          20/04/2015      0000000387           16430.00             0.00       5501590.00  
22          20/04/2015      0000000391            5000.00             0.00       5506590.00  
23          20/04/2015      0000000392             379.00             0.00       5506969.00  
24          20/04/2015      0000000409            4463.00             0.00       5511432.00  
25          20/04/2015      0000000410            2488.00             0.00       5513920.00  
26          21/04/2015      0000000384           11970.00             0.00       5525890.00  
27          21/04/2015      0000000826               0.00          2142.00       5523748.00  
28          21/04/2015      0000000393           48700.00             0.00       5572448.00  
29          21/04/2015      0000000390           16000.00             0.00       5588448.00  
30          21/04/2015      0000000389            1512.00             0.00       5589960.00  
31          21/04/2015      0000000388            2418.00             0.00       5592378.00  
32          24/04/2015      0000000551             850.00             0.00       5593228.00  
33          27/04/2015      0000001118               0.00         12000.00       5581228.00  
34          30/04/2015      0000000701           42023.00             0.00       5623251.00  
-----------------------------------------------------------------------------------------------------------
Total Credit: 227028.00		Total Debit: 1401816.00		Closing Balance:5623251.00
-----------------------------------------------------------------------------------------------------------
-----------------------------------------------------------------------------------------------------------
