                                        Account Statement-04/2015
DDO:PD Administrator(10011603007)                      Head of Account:Civil_Court_Deposits(8443001040001000000NVN)
                                    Opening Balance:16934703.00
S.No        Date            Chq/Trans              Credit            Debit          Balance
-----------------------------------------------------------------------------------------------------------
1           02/04/2015      0000000854               0.00        130009.00      16804694.00  
2           02/04/2015      0000000853               0.00         65233.00      16739461.00  
3           06/04/2015      0000001036               0.00        136430.00      16603031.00  
4           06/04/2015      0006041092           77710.00             0.00      16680741.00  
5           06/04/2015      0006041106           10000.00             0.00      16690741.00  
6           06/04/2015      0000001038               0.00         39121.00      16651620.00  
7           06/04/2015      0000001037               0.00         46100.00      16605520.00  
8           07/04/2015      0007041110            2000.00             0.00      16607520.00  
9           07/04/2015      0000070444            2200.00             0.00      16609720.00  
10          07/04/2015      0007041105            2000.00             0.00      16611720.00  
11          07/04/2015      0007041112            2100.00             0.00      16613820.00  
12          07/04/2015      0000070433            2600.00             0.00      16616420.00  
13          07/04/2015      0000070445            1500.00             0.00      16617920.00  
14          07/04/2015      0007041111            1000.00             0.00      16618920.00  
15          08/04/2015      0008041082           33300.00             0.00      16652220.00  
16          08/04/2015      0008041097            3000.00             0.00      16655220.00  
17          08/04/2015      0008041094            1000.00             0.00      16656220.00  
18          08/04/2015      0008041098            7000.00             0.00      16663220.00  
19          08/04/2015      0000080442           10000.00             0.00      16673220.00  
20          08/04/2015      0000001080               0.00        116329.00      16556891.00  
21          08/04/2015      0008041079           24000.00             0.00      16580891.00  
22          08/04/2015      0008041081           33300.00             0.00      16614191.00  
23          10/04/2015      0000001102               0.00          4599.00      16609592.00  
24          10/04/2015      0000100447            1700.00             0.00      16611292.00  
25          10/04/2015      0000100446            3100.00             0.00      16614392.00  
26          11/04/2015      0000110418            6800.00             0.00      16621192.00  
27          11/04/2015      0000110420            5175.00             0.00      16626367.00  
28          11/04/2015      0000110422            7724.00             0.00      16634091.00  
29          11/04/2015      0000110430            6000.00             0.00      16640091.00  
30          11/04/2015      0000110421            2000.00             0.00      16642091.00  
31          11/04/2015      0011041100           11482.00             0.00      16653573.00  
32          11/04/2015      0011041101           10000.00             0.00      16663573.00  
33          11/04/2015      0000011047            5335.00             0.00      16668908.00  
34          11/04/2015      0000110410            9330.00             0.00      16678238.00  
35          11/04/2015      0000110413            8901.00             0.00      16687139.00  
36          11/04/2015      0011041102            1000.00             0.00      16688139.00  
37          11/04/2015      0000011043           12308.00             0.00      16700447.00  
38          11/04/2015      0000001119               0.00         49185.00      16651262.00  
39          11/04/2015      0011041103            1000.00             0.00      16652262.00  
40          11/04/2015      0000110428            2000.00             0.00      16654262.00  
41          13/04/2015      0013041114            3419.00             0.00      16657681.00  
42          13/04/2015      0000130424            9236.00             0.00      16666917.00  
43          13/04/2015      0000130417           11521.00             0.00      16678438.00  
44          13/04/2015      0000130425           12767.00             0.00      16691205.00  
45          13/04/2015      0000130426            3585.00             0.00      16694790.00  
46          13/04/2015      0000130429           12000.00             0.00      16706790.00  
47          13/04/2015      0000130438            1000.00             0.00      16707790.00  
48          13/04/2015      0000130440            2000.00             0.00      16709790.00  
49          13/04/2015      0013041104           17537.00             0.00      16727327.00  
50          13/04/2015      0000013049           15002.00             0.00      16742329.00  
51          13/04/2015      0000001125               0.00        277693.00      16464636.00  
52          13/04/2015      0000130443            3400.00             0.00      16468036.00  
53          13/04/2015      0013041113            6350.00             0.00      16474386.00  
54          13/04/2015      0013041109            1000.00             0.00      16475386.00  
55          13/04/2015      0000130437            5100.00             0.00      16480486.00  
56          13/04/2015      0013041029           20466.00             0.00      16500952.00  
57          13/04/2015      0013041080           33977.00             0.00      16534929.00  
58          15/04/2015      0000150419           14938.00             0.00      16549867.00  
59          15/04/2015      0000150411            6000.00             0.00      16555867.00  
60          15/04/2015      0000150416            3000.00             0.00      16558867.00  
61          15/04/2015      0015041093            8000.00             0.00      16566867.00  
62          15/04/2015      0015041095            4000.00             0.00      16570867.00  
63          15/04/2015      0000015048            1000.00             0.00      16571867.00  
64          15/04/2015      0000150412            6450.00             0.00      16578317.00  
65          15/04/2015      0000015042            2000.00             0.00      16580317.00  
66          15/04/2015      0000150434            8700.00             0.00      16589017.00  
67          15/04/2015      0000150441           25940.00             0.00      16614957.00  
68          15/04/2015      0000150423            7900.00             0.00      16622857.00  
69          15/04/2015      0000150415            3500.00             0.00      16626357.00  
70          15/04/2015      0000015046            7120.00             0.00      16633477.00  
71          15/04/2015      0015041099            5993.00             0.00      16639470.00  
72          15/04/2015      0000015041            2454.00             0.00      16641924.00  
73          15/04/2015      0000001192               0.00         66700.00      16575224.00  
74          15/04/2015      0000001191               0.00         24593.00      16550631.00  
75          16/04/2015      0016041107            6627.00             0.00      16557258.00  
76          17/04/2015      0000170465            1500.00             0.00      16558758.00  
77          17/04/2015      0000170414            4720.00             0.00      16563478.00  
78          20/04/2015      0000200449           10000.00             0.00      16573478.00  
79          20/04/2015      0000200451           15250.00             0.00      16588728.00  
80          20/04/2015      0000200463            2000.00             0.00      16590728.00  
81          21/04/2015      0000210432            1600.00             0.00      16592328.00  
82          21/04/2015      0002104106            1500.00             0.00      16593828.00  
83          21/04/2015      0002104105            2200.00             0.00      16596028.00  
84          22/04/2015      0000220469            5573.00             0.00      16601601.00  
85          22/04/2015      0022040052            1367.00             0.00      16602968.00  
86          22/04/2015      0000220466            3300.00             0.00      16606268.00  
87          22/04/2015      0022040060            5993.00             0.00      16612261.00  
88          22/04/2015      0000220462            2419.00             0.00      16614680.00  
89          22/04/2015      0022040050            8650.00             0.00      16623330.00  
90          22/04/2015      0022040053            7000.00             0.00      16630330.00  
91          22/04/2015      0022040048            3000.00             0.00      16633330.00  
92          22/04/2015      0000220461            5100.00             0.00      16638430.00  
93          22/04/2015      0002204056            3300.00             0.00      16641730.00  
94          22/04/2015      0000220467            3300.00             0.00      16645030.00  
95          22/04/2015      0000220468            1000.00             0.00      16646030.00  
96          22/04/2015      0022040054            6600.00             0.00      16652630.00  
97          22/04/2015      0022040058           15000.00             0.00      16667630.00  
98          22/04/2015      0022040059            6752.00             0.00      16674382.00  
99          22/04/2015      0000240464            3000.00             0.00      16677382.00  
100         24/04/2015      0000240485            1000.00             0.00      16678382.00  
101         24/04/2015      0000240488            1000.00             0.00      16679382.00  
102         24/04/2015      0000240491            5914.00             0.00      16685296.00  
103         24/04/2015      0000240480            2500.00             0.00      16687796.00  
104         24/04/2015      0000240481            3000.00             0.00      16690796.00  
105         24/04/2015      0000240482            2500.00             0.00      16693296.00  
106         24/04/2015      0000240487            1000.00             0.00      16694296.00  
107         24/04/2015      0002404107            2100.00             0.00      16696396.00  
108         24/04/2015      0000240486            1000.00             0.00      16697396.00  
109         24/04/2015      0000240478            1000.00             0.00      16698396.00  
110         24/04/2015      0000240490            5460.00             0.00      16703856.00  
111         24/04/2015      0000240494           77631.00             0.00      16781487.00  
112         24/04/2015      0002404538            5000.00             0.00      16786487.00  
113         24/04/2015      0000240475            8700.00             0.00      16795187.00  
114         24/04/2015      0000240474            1500.00             0.00      16796687.00  
115         24/04/2015      0000240479            2000.00             0.00      16798687.00  
116         24/04/2015      0000240484            2000.00             0.00      16800687.00  
117         24/04/2015      0000240483            2000.00             0.00      16802687.00  
118         24/04/2015      0000240471            2904.00             0.00      16805591.00  
119         24/04/2015      0000240489            2000.00             0.00      16807591.00  
120         24/04/2015      0000240470            9000.00             0.00      16816591.00  
121         24/04/2015      0000240493           76515.00             0.00      16893106.00  
122         24/04/2015      0000240476            1000.00             0.00      16894106.00  
123         24/04/2015      0000240492            4142.00             0.00      16898248.00  
124         25/04/2015      0000250499            5000.00             0.00      16903248.00  
125         25/04/2015      0000250497            1000.00             0.00      16904248.00  
126         25/04/2015      0002504100            1000.00             0.00      16905248.00  
127         25/04/2015      0000250498            2000.00             0.00      16907248.00  
128         25/04/2015      0002504103            2895.00             0.00      16910143.00  
129         27/04/2015      0000002604               0.00         32535.00      16877608.00  
130         27/04/2015      0002704108            3100.00             0.00      16880708.00  
131         28/04/2015      0002804104            1500.00             0.00      16882208.00  
132         28/04/2015      0002804102            3000.00             0.00      16885208.00  
133         28/04/2015      0002804118            6845.00             0.00      16892053.00  
134         28/04/2015      0002804119            2505.00             0.00      16894558.00  
135         28/04/2015      0000280496            4200.00             0.00      16898758.00  
136         28/04/2015      0000280457            6627.00             0.00      16905385.00  
137         28/04/2015      0000280477            5265.00             0.00      16910650.00  
138         28/04/2015      0000280495            1353.00             0.00      16912003.00  
139         28/04/2015      0028041096            1000.00             0.00      16913003.00  
140         28/04/2015      0002804101            7500.00             0.00      16920503.00  
141         28/04/2015      0002804120            2000.00             0.00      16922503.00  
142         28/04/2015      0002804121            1000.00             0.00      16923503.00  
143         29/04/2015      0000290427            1530.00             0.00      16925033.00  
144         29/04/2015      0002804110            2000.00             0.00      16927033.00  
145         29/04/2015      0029041071            4142.00             0.00      16931175.00  
146         29/04/2015      0002904109            2700.00             0.00      16933875.00  
147         29/04/2015      0002904163            4200.00             0.00      16938075.00  
148         29/04/2015      0000290439            1000.00             0.00      16939075.00  
149         29/04/2015      0002904111            1000.00             0.00      16940075.00  
-----------------------------------------------------------------------------------------------------------
Total Credit: 993899.00		Total Debit: 988527.00		Closing Balance:16940075.00
-----------------------------------------------------------------------------------------------------------
-----------------------------------------------------------------------------------------------------------
