                                        Account Statement-04/2015
DDO:PD Administrator(06012002001)                      Head of Account:C.P.O(8448001200022000000NVN)
                                    Opening Balance:488791104.00
S.No        Date            Chq/Trans              Credit            Debit          Balance
-----------------------------------------------------------------------------------------------------------
1           20/04/2015      0000000899               0.00        175000.00     488616104.00  
2           20/04/2015      0000000898               0.00        500000.00     488116104.00  
3           20/04/2015      0000000908               0.00       1700000.00     486416104.00  
4           20/04/2015      0000000907               0.00       2300000.00     484116104.00  
5           20/04/2015      0000000953               0.00       9650000.00     474466104.00  
6           20/04/2015      0000000954               0.00       6064000.00     468402104.00  
7           22/04/2015      0000000912               0.00         19000.00     468383104.00  
8           25/04/2015      0000001369               0.00       1000000.00     467383104.00  
9           25/04/2015      0000000905               0.00        149448.00     467233656.00  
10          25/04/2015      0000000909               0.00         75000.00     467158656.00  
11          25/04/2015      0000000904               0.00        249998.00     466908658.00  
12          25/04/2015      0000000910               0.00        369023.00     466539635.00  
13          25/04/2015      0000000903               0.00         22998.00     466516637.00  
14          25/04/2015      0000000902               0.00        124415.00     466392222.00  
15          25/04/2015      0000000906               0.00        175932.00     466216290.00  
16          25/04/2015      0000001370               0.00        159780.00     466056510.00  
17          25/04/2015      0000001368               0.00        250000.00     465806510.00  
18          25/04/2015      0000000900               0.00        148155.00     465658355.00  
19          25/04/2015      0000000911               0.00        198754.00     465459601.00  
20          25/04/2015      0000000901               0.00        336927.00     465122674.00  
21          27/04/2015      0000002089               0.00        496965.00     464625709.00  
22          27/04/2015      0000002087               0.00        163554.00     464462155.00  
23          27/04/2015      0000001667               0.00         42000.00     464420155.00  
-----------------------------------------------------------------------------------------------------------
Total Credit: 0.00		Total Debit: 24370949.00		Closing Balance:464420155.00
-----------------------------------------------------------------------------------------------------------
-----------------------------------------------------------------------------------------------------------
