                                        Account Statement-06/2015
DDO:MUNICIPAL COMMISSIONER, KAKINADA(03011802001)                      Head of Account:Municipal_GF_Salaries(8448001020003002000NVN)
                                    Opening Balance:88544639.00
S.No        Date            Chq/Trans              Credit            Debit          Balance
-----------------------------------------------------------------------------------------------------------
1           01/06/2015      0000002064          113000.00             0.00      88657639.00  
2           01/06/2015      0000002006          272805.00             0.00      88930444.00  
3           02/06/2015      0000002195           26730.00             0.00      88957174.00  
4           02/06/2015      0000002192           42474.00             0.00      88999648.00  
5           02/06/2015      0000002210           25980.00             0.00      89025628.00  
6           03/06/2015      0000002212          115683.00             0.00      89141311.00  
7           03/06/2015      0000002219          923460.00             0.00      90064771.00  
8           03/06/2015      0000002183           66019.00             0.00      90130790.00  
9           03/06/2015      0000002038            3538.00             0.00      90134328.00  
10          03/06/2015      0000002049          169500.00             0.00      90303828.00  
11          03/06/2015      0000002052            4844.00             0.00      90308672.00  
12          04/06/2015      0000002289          557640.00             0.00      90866312.00  
13          04/06/2015      0000002235           91529.00             0.00      90957841.00  
14          05/06/2015      0000002299          746195.00             0.00      91704036.00  
15          05/06/2015      0000002304           85470.00             0.00      91789506.00  
16          05/06/2015      0000002342           45000.00             0.00      91834506.00  
17          05/06/2015      0000002302           74069.00             0.00      91908575.00  
18          06/06/2015      0000002347           24875.00             0.00      91933450.00  
19          06/06/2015      0000002349          234600.00             0.00      92168050.00  
20          08/06/2015      0000002361           84544.00             0.00      92252594.00  
21          08/06/2015      0000002360          276440.00             0.00      92529034.00  
22          09/06/2015      0000002432          329012.00             0.00      92858046.00  
23          09/06/2015      0000002434           24750.00             0.00      92882796.00  
24          10/06/2015      0000002476            1675.00             0.00      92884471.00  
25          10/06/2015      0000002479          141248.00             0.00      93025719.00  
26          10/06/2015      0000002480          196740.00             0.00      93222459.00  
27          11/06/2015      0000002475             200.00             0.00      93222659.00  
28          11/06/2015      0000002493          198080.00             0.00      93420739.00  
29          11/06/2015      0000002492          139496.00             0.00      93560235.00  
30          11/06/2015      0000002474            1172.00             0.00      93561407.00  
31          12/06/2015      0000002507          208354.00             0.00      93769761.00  
32          12/06/2015      0000002508          122180.00             0.00      93891941.00  
33          23/06/2015      023949                   0.00        391040.00      93500901.00  
34          23/06/2015      023947                   0.00       1306045.00      92194856.00  
35          23/06/2015      023952                   0.00       1147745.00      91047111.00  
36          23/06/2015      023950                   0.00         75382.00      90971729.00  
37          24/06/2015      023948                   0.00        332183.00      90639546.00  
-----------------------------------------------------------------------------------------------------------
Total Credit: 5347302.00		Total Debit: 3252395.00		Closing Balance:90639546.00
-----------------------------------------------------------------------------------------------------------
-----------------------------------------------------------------------------------------------------------
