                                        Account Statement-05/2015
DDO:Scheduled Tribes Co-op Finance Corp.,A.P State (TRICOR) -Managing Director(27022407001)                      Head of Account:APS ST CO-OP Finance Corpn.(8449001200027000000NVN)
                                    Opening Balance:1080496407.00
S.No        Date            Chq/Trans              Credit            Debit          Balance
-----------------------------------------------------------------------------------------------------------
1           02/05/2015      017903                   0.00         15000.00    1080481407.00  
2           02/05/2015      017919                   0.00        248802.00    1080232605.00  
3           02/05/2015      017925                   0.00        134392.00    1080098213.00  
4           02/05/2015      017904                   0.00        359095.00    1079739118.00  
5           02/05/2015      017914                   0.00      42152600.00    1037586518.00  
6           04/05/2015      017917                   0.00          4000.00    1037582518.00  
7           04/05/2015      017915                   0.00         35200.00    1037547318.00  
8           04/05/2015      017916                   0.00          1180.00    1037546138.00  
9           06/05/2015      017918                   0.00          5000.00    1037541138.00  
10          06/05/2015      017923                   0.00          5194.00    1037535944.00  
11          06/05/2015      017920                   0.00          1000.00    1037534944.00  
12          06/05/2015      017924                   0.00         40048.00    1037494896.00  
13          06/05/2015      017922                   0.00            70.00    1037494826.00  
14          06/05/2015      017921                   0.00          2000.00    1037492826.00  
15          06/05/2015      017926                   0.00          2743.00    1037490083.00  
16          08/05/2015      017649                   0.00      12270000.00    1025220083.00  
17          08/05/2015      017927                   0.00      11962000.00    1013258083.00  
18          12/05/2015      017929                   0.00      97100000.00     916158083.00  
19          13/05/2015      017934                   0.00          1151.00     916156932.00  
20          15/05/2015      017933                   0.00        228560.00     915928372.00  
21          15/05/2015      017901                   0.00         20000.00     915908372.00  
22          15/05/2015      017928                   0.00      50000000.00     865908372.00  
23          15/05/2015      017930                   0.00         15000.00     865893372.00  
24          18/05/2015      017943                   0.00         16632.00     865876740.00  
25          18/05/2015      017936                   0.00         12403.00     865864337.00  
26          18/05/2015      017937                   0.00          1180.00     865863157.00  
27          19/05/2015      017942                   0.00      16005900.00     849857257.00  
28          19/05/2015      017944                   0.00        140618.00     849716639.00  
29          19/05/2015      017945                   0.00         14502.00     849702137.00  
30          20/05/2015      017932                   0.00           700.00     849701437.00  
31          20/05/2015      017947                   0.00          2597.00     849698840.00  
32          21/05/2015      017941                   0.00         52000.00     849646840.00  
33          22/05/2015      017939                   0.00          1890.00     849644950.00  
34          22/05/2015      017931                   0.00          4950.00     849640000.00  
35          22/05/2015      017941                   0.00         52000.00     849588000.00  
36          23/05/2015      017949                   0.00          8742.00     849579258.00  
37          23/05/2015      017948                   0.00         11725.00     849567533.00  
38          23/05/2015      017935                   0.00           498.00     849567035.00  
39          26/05/2015      017946                   0.00          1269.00     849565766.00  
40          29/05/2015      0000002122          500000.00             0.00     850065766.00  
41          29/05/2015      0000002121         8750000.00             0.00     858815766.00  
-----------------------------------------------------------------------------------------------------------
Total Credit: 9250000.00		Total Debit: 230930641.00		Closing Balance:858815766.00
-----------------------------------------------------------------------------------------------------------
-----------------------------------------------------------------------------------------------------------
