01000000316841562550000000007300000                                                                  
01000000111375265720000000005919000                                                                  
01000000114959102420000000012757500                                                                  
01000000304066610260000000006250000                                                                  
01000000105678832030000000010733300                                                                  
01000000110258854610000000008100000                                                                  
01000000300896834670000000006276500                                                                  
01000000320528513850000000005526300                                                                  
01000000300662146950000000007850000                                                                  
01000000111375682620000000004650000                                                                  
01000000104942152600000000007103700                                                                  
01000000336055237250000000005050000                                                                  
01000000304085883040000000004153300                                                                  
01000000331350787970000000014100000                                                                  
01000000113349853390000000007000000                                                                  
01000000304322464290000000008900000                                                                  
01000000331229838270000000004250000                                                                  
01000000110258854050000000010100000                                                                  
01000000111229990570000000011300000                                                                  
01000000304029428840000000005300000                                                                  
01000000303957436890000000004650000                                                                  
01000000110080775430000000007700000                                                                  
01000000304016579340000000008842100                                                                  
01000000112717670460000000004564700                                                                  
01000000340619285150000000010100000                                                                  
01000000304097737800000000003450000                                                                  
01000000112717670790000000005919000                                                                  
01000000114968891940000000007050000                                                                  
01000000304144985600000000006900000                                                                  
01000000104942140510000000008100000                                                                  
01000000328679617440000000009300000                                                                  
01000000331241724650000000008900000                                                                  
01000000304122585310000000007740000                                                                  
01000000104942139870000000008333300                                                                  
01000000304075793880000000005919000                                                                  
01000000110258842070000000008900000                                                                  
01000000114368854290000000006708000                                                                  
01000000320249754170000000005850000                                                                  
01000000331233937130000000006708000                                                                  
01000000111231370150000000008500000                                                                  
01000000301256884570000000012100000                                                                  
01000000311394923360000000004564700                                                                  
01000000304425105400000000005050000                                                                  
01000000301184283390000000006078900                                                                  
01000000303642946280000000006900000                                                                  
01000000328768927900000000005787000                                                                  
01000000115346366730000000007050000                                                                  
01000000336091913310000000009300000                                                                  
01000000303632356960000000004250000                                                                  
01000000300666225250000000010650000                                                                  
01000000311363164870000000005787000                                                                  
01000000331241901440000000005526300                                                                  
01000000316452028670000000015700000                                                                  
01000000304048438690000000007103700                                                                  
01000000314979988390000000008500000                                                                  
01000000303638047000000000010900000                                                                  
01000000112964809400000000006650000                                                                  
01000000303645011250000000004650000                                                                  
01000000311654825980000000006708000                                                                  
01000000308657930920000000005050000                                                                  
01000000304147534410000000006381800                                                                  
01000000104942154190000000006650000                                                                  
01000000104760428750000000009450000                                                                  
01000000110258851760000000007700000                                                                  
01000000322244174670000000005381000                                                                  
01000000340578990980000000006142500                                                                  
01000000113349853510000000006250000                                                                  
01000000105678993150000000005366700                                                                  
01000000104942126550000000003423500                                                                  
01000000104942133310000000007850000                                                                  
01000000111375263890000000004650000                                                                  
01000000104942138410000000006596300                                                                  
01000000338002157410000000004746700                                                                  
01000000113349872670000000007500000                                                                  
01000000310624596760000000004250000                                                                  
01000000110080700580000000004650000                                                                  
01000000337646987830000000001657900                                                                  
01000000112717612710000000005135300                                                                  
01000000321491459840000000003450000                                                                  
01000000321202386550000000005381000                                                                  
01000000114968846950000000007050000                                                                  
01000000104942138300000000004166700                                                                  
01000000331382991460000000005381000                                                                  
01000000114968846840000000006192000                                                                  
01000000115071894000000000006192000                                                                  
01000000301668852080000000004421100                                                                  
01000000338360219030000000007050000                                                                  
01000000104760818810000000010650000                                                                  
01000000338591074210000000006313000                                                                  
01000000113349850330000000006596300                                                                  
01000000321392892580000000006000000                                                                  
01000000306177543100000000006650000                                                                  
01000000112499956930000000004650000                                                                  
01000000342060856160000000006192000                                                                  
01000000310631758190000000005050000                                                                  
01000000112717612820000000005318200                                                                  
01000000104942142990000000006650000                                                                  
01000000335378967380000000009450000                                                                  
01000000308312065490000000023400000                                                                  
01000000106258545960000000023400000                                                                  
01000000304780686100000000017400000                                                                  
01000000307905668880000000013000000                                                                  
01000000112717719710000000014200000                                                                  
01000000303682493100000000013000000                                                                  
01000000104942133420000000001000000                                                                  
01000000104942129840000000001000000                                                                  
01000000302462811580000000001000000                                                                  
01000000104942127790000000001000000                                                                  
01000000104942126880000000001000000                                                                  
01000000104942137500000000001000000                                                                  
51000000110120020010000000782044300                                                                  
