51000000731001161020000000003600000                                                                  
51000000731009499390000000006000000                                                                  
51000000730365017080000000010000000                                                                  
51000000730821507640000000003600000                                                                  
51000000731011996880000000003600000                                                                  
51000000731010666460000000003600000                                                                  
51000000731009976210000000003600000                                                                  
51000000731007319550000000003600000                                                                  
51000000730050975060000000010000000                                                                  
51000000730028968700000000003600000                                                                  
51000000731010923160000000003600000                                                                  
51000000730993369090000000010000000                                                                  
51000000730951935660000000010000000                                                                  
51000000731010510620000000003600000                                                                  
51000000730045779240000000010000000                                                                  
51000000730470220640000000003600000                                                                  
51000000730974130480000000006000000                                                                  
51000000731013952420000000006000000                                                                  
51000000731026870410000000003600000                                                                  
51000000731027914260000000003600000                                                                  
51000000731026872780000000003600000                                                                  
51000000731017906930000000003600000                                                                  
51000000731026873920000000003600000                                                                  
51000000731017925010000000003600000                                                                  
51000000731018968940000000003600000                                                                  
51000000731018965000000000010000000                                                                  
51000000731014915150000000003600000                                                                  
51000000730393403380000000003600000                                                                  
51000000731018979230000000003600000                                                                  
51000000731027913130000000003600000                                                                  
51000000731017903980000000003600000                                                                  
51000000731026873360000000003600000                                                                  
51000000730930304330000000003600000                                                                  
51000000731018008960000000003600000                                                                  
51000000731018010170000000003600000                                                                  
51000000730648409540000000003600000                                                                  
51000000731018978430000000003600000                                                                  
51000000731027913570000000003600000                                                                  
51000000731027914150000000003600000                                                                  
51000000730699589050000000003600000                                                                  
51000000731017908310000000010000000                                                                  
51000000731026873580000000003600000                                                                  
51000000731027914480000000010000000                                                                  
51000000731017923850000000003600000                                                                  
51000000731018974460000000003600000                                                                  
51000000731026871090000000003600000                                                                  
51000000731017893050000000003600000                                                                  
51000000731026870960000000003600000                                                                  
51000000731014925860000000010000000                                                                  
51000000731027913800000000003600000                                                                  
51000000730858776830000000003600000                                                                  
51000000731018410510000000006000000                                                                  
51000000730992753440000000010000000                                                                  
51000000730944236490000000001200000                                                                  
51000000580730693850000000003600000                                                                  
51000000731013825510000000006000000                                                                  
51000000731022450920000000006000000                                                                  
51000000731025586160000000006000000                                                                  
