51000000202395850910000000006000000                                                                  
51000000108736946250000000006000000                                                                  
51000000321585017820000000006000000                                                                  
51000000347977466950000000003600000                                                                  
51000000201868809240000000003600000                                                                  
51000000332259033000000000003600000                                                                  
51000000343261246060000000003600000                                                                  
51000000347900647090000000003600000                                                                  
51000000322239544350000000003600000                                                                  
51000000329090350600000000003600000                                                                  
51000000347900646960000000003600000                                                                  
51000000115595880840000000003000000                                                                  
51000000115595880840000000003000000                                                                  
51000000333067405580000000006000000                                                                  
51000000334770205320000000003600000                                                                  
51000000313555804630000000006000000                                                                  
51000000346805022200000000003600000                                                                  
51000000346764199740000000003600000                                                                  
51000000328164087880000000010000000                                                                  
51000000114992617800000000003000000                                                                  
51000000348364510760000000006000000                                                                  
51000000329900360980000000003000000                                                                  
51000000348296630900000000003000000                                                                  
51000000328100659810000000006000000                                                                  
51000000309012375700000000006000000                                                                  
51000000201262749360000000010000000                                                                  
51000000200948170470000000006000000                                                                  
51000000321173104690000000006000000                                                                  
51000000326890456220000000006000000                                                                  
