01000000328048466900000000000520500                                                                  
01000000328049350690000000000355000                                                                  
01000000328048006540000000000946400                                                                  
01000000328049365510000000000591500                                                                  
01000000328048978270000000000615200                                                                  
01000000328135380730000000000473000                                                                  
01000000328135546300000000000543600                                                                  
01000000329105868430000000000709000                                                                  
01000000331559617350000000000480000                                                                  
01000000331538847510000000000480000                                                                  
01000000332433683260000000000480000                                                                  
01000000332434373250000000000836700                                                                  
01000000334163229220000000000500000                                                                  
01000000334163411730000000000500000                                                                  
01000000334640436670000000000850000                                                                  
01000000334654522730000000001420000                                                                  
51000000338814547410000000010300900                                                                  
