51000000337394386220000000005000000                                                                  
51000000115649391170000000003500000                                                                  
51000000330540186250000000003500000                                                                  
51000000330538752620000000003500000                                                                  
51000000336209528140000000003500000                                                                  
51000000336209711880000000003500000                                                                  
51000000306777668230000000003500000                                                                  
51000000323089744120000000003000000                                                                  
51000000335989929740000000003000000                                                                  
51000000334312796350000000003000000                                                                  
51000000304027851040000000004000000                                                                  
51000000327776143290000000003000000                                                                  
51000000200281660570000000005000000                                                                  
51000000334503410670000000002500000                                                                  
51000000308238930740000000005000000                                                                  
51000000201072240350000000005000000                                                                  
51000000317913617260000000005000000                                                                  
51000000332459352820000000005000000                                                                  
51000000347675697000000000005000000                                                                  
51000000312299766520000000002500000                                                                  
51000000325664791380000000003750000                                                                  
51000000328706522430000000003750000                                                                  
51000000337165595640000000005000000                                                                  
51000000327338792170000000005000000                                                                  
51000000340609475610000000005000000                                                                  
51000000309123574420000000005000000                                                                  
51000000731003214280000000005000000                                                                  
51000000731013459380000000010000000                                                                  
51000000731008007500000000010000000                                                                  
51000000731018211250000000005000000                                                                  
51000000324568715960000000005000000                                                                  
51000000322219785830000000007000000                                                                  
51000000326978515200000000005000000                                                                  
51000000346805105260000000005000000                                                                  
51000000345320715090000000005000000                                                                  
51000000113101979910000000005000000                                                                  
51000000309436900440000000005000000                                                                  
51000000343705555380000000005000000                                                                  
51000000346712017020000000005000000                                                                  
51000000346481497930000000005000000                                                                  
51000000346852799770000000005000000                                                                  
51000000346717088020000000005000000                                                                  
51000000345853536830000000005000000                                                                  
51000000328332187190000000005000000                                                                  
51000000346575705400000000005000000                                                                  
51000000304817744610000000005000000                                                                  
51000000346439260060000000005000000                                                                  
51000000310087432440000000005000000                                                                  
51000000113936105180000000003500000                                                                  
51000000201875114890000000003500000                                                                  
51000000337031622000000000002500000                                                                  
51000000201119129900000000005000000                                                                  
51000000336741672760000000003000000                                                                  
51000000323142171610000000010000000                                                                  
