01000000309177118850000000006000000                                                                  
01000000115335345370000000003000000                                                                  
01000000115335366460000000010000000                                                                  
01000000112829142940000000006000000                                                                  
01000000111462221210000000015000000                                                                  
01000000104224459810000000010000000                                                                  
01000000115335378000000000005000000                                                                  
01000000115335373560000000015000000                                                                  
01000000115335314890000000043000000                                                                  
01000000104224408350000000007000000                                                                  
01000000112829137220000000007000000                                                                  
01000000302390812710000000015000000                                                                  
01000000112829190100000000008000000                                                                  
01000000310055120380000000008000000                                                                  
01000000110397277680000000004700000                                                                  
01000000115274428150000000005100000                                                                  
01000000110396816640000000010500000                                                                  
01000000110396827710000000006000000                                                                  
01000000113279239040000000010000000                                                                  
01000000105584699830000000005000000                                                                  
01000000108450447040000000008000000                                                                  
01000000108007991000000000001900000                                                                  
01000000308069250200000000006000000                                                                  
01000000104224177150000000007500000                                                                  
01000000113000074360000000010000000                                                                  
01000000302675889470000000014000000                                                                  
01000000108451712660000000012500000                                                                  
01000000107229966850000000004000000                                                                  
01000000110396824320000000004000000                                                                  
01000000104223920730000000010000000                                                                  
51000008448109030010000000277200000                                                                  
