51000000116155811120000000005342400                                                                  
51000000318612498760000000005054000                                                                  
51000000116155841680000000005162600                                                                  
51000000116145613450000000003945600                                                                  
51000000306617574090000000002782300                                                                  
51000000306631154040000000005393200                                                                  
51000000323580079880000000003919400                                                                  
51000000324260659670000000005230100                                                                  
51000000113567203640000000002712900                                                                  
51000000324356859920000000004247600                                                                  
51000000324313302260000000002050300                                                                  
51000000324997378110000000006078700                                                                  
51000000308145688280000000003174700                                                                  
51000000308928070040000000006634900                                                                  
51000000116358346930000000002141600                                                                  
51000000324620241220000000001869000                                                                  
51000000325049758420000000002777500                                                                  
51000000327947918620000000004673400                                                                  
51000000316254862950000000005113300                                                                  
51000000302698398210000000003815000                                                                  
51000000323016277050000000003557200                                                                  
51000000105408339530000000002236500                                                                  
51000000105408154360000000003122500                                                                  
51000000323052237420000000002018000                                                                  
51000000301716037820000000001916300                                                                  
51000000324750588610000000003553300                                                                  
51000000113074249090000000001976100                                                                  
51000000326719299950000000001210900                                                                  
51000000306766714110000000003468100                                                                  
51000000323534503040000000001827900                                                                  
