01000000107744394860000000003238800                                                                  
01000000115433614680000000000111500                                                                  
01000000311372241420000000001833200                                                                  
01000000307166579150000000001768400                                                                  
01000000313892251150000000003594000                                                                  
01000000307579537980000000003708800                                                                  
01000000312063628980000000002365700                                                                  
01000000110033234720000000002827400                                                                  
01000000313956723030000000003088500                                                                  
01000000313911759400000000030862900                                                                  
51000000338814547410000000053399200                                                                  
