01000000114959611950000000000860300                                                                  
01000000105679281880000000000369200                                                                  
01000000105679373410000000000735600                                                                  
01000000104942939070000000000771000                                                                  
01000000104942945150000000000763300                                                                  
01000000104942947410000000000382700                                                                  
01000000104942940040000000000763300                                                                  
01000000104942952910000000000382700                                                                  
01000000104942641820000000000915700                                                                  
01000000104942939850000000001099300                                                                  
01000000104942940710000000000735600                                                                  
01000000104942941060000000000735600                                                                  
01000000104943315700000000000866300                                                                  
01000000110081316260000000000735600                                                                  
01000000110081866870000000000763300                                                                  
01000000110081868690000000000735600                                                                  
01000000110082868750000000001136100                                                                  
01000000110081866650000000000743100                                                                  
01000000110081867670000000000789300                                                                  
01000000110082315640000000000735600                                                                  
01000000306345228980000000000735600                                                                  
01000000301277254100000000001018500                                                                  
01000000317712463670000000000735600                                                                  
01000000339020857040000000000735600                                                                  
01000000114969234540000000000736400                                                                  
01000000114969623030000000000735600                                                                  
01000000114969234100000000000735600                                                                  
01000000114969622900000000000968600                                                                  
01000000114969626860000000000787000                                                                  
01000000330621326780000000000735600                                                                  
01000000111375968120000000000382700                                                                  
01000000111376740540000000000763300                                                                  
01000000111376031510000000000382700                                                                  
01000000111376032080000000000382700                                                                  
01000000111376029970000000000735600                                                                  
01000000111375765340000000000362700                                                                  
01000000111376029640000000000869100                                                                  
01000000111376031280000000000768800                                                                  
01000000111375509240000000000735600                                                                  
01000000111376030480000000001050900                                                                  
01000000111375765340000000001050800                                                                  
01000000111376041330000000000735600                                                                  
01000000303162545360000000000802600                                                                  
01000000343263696350000000000735600                                                                  
01000000110259564550000000000935600                                                                  
01000000110259567270000000000763300                                                                  
01000000110259561480000000000763300                                                                  
01000000110259562060000000000763300                                                                  
01000000110259563310000000000735600                                                                  
01000000110259561930000000000735600                                                                  
01000000110259561040000000001047200                                                                  
01000000110259560910000000000995800                                                                  
01000000110259313160000000000735600                                                                  
01000000110259043590000000001072900                                                                  
01000000110260329420000000000793600                                                                  
01000000110260345080000000000735600                                                                  
01000000110259125540000000000735600                                                                  
01000000110259105120000000000735600                                                                  
01000000110259561260000000000735600                                                                  
01000000110260364690000000000735600                                                                  
01000000110259564000000000000743100                                                                  
01000000110259612500000000000735600                                                                  
01000000110259972870000000000735600                                                                  
01000000110259983720000000000382500                                                                  
01000000304029394400000000000763300                                                                  
01000000304904254080000000000735600                                                                  
01000000305814645030000000000743100                                                                  
01000000321804759350000000000735600                                                                  
01000000328161013580000000000735600                                                                  
01000000113720718400000000000369200                                                                  
01000000113721275350000000001099300                                                                  
01000000113720698860000000000735600                                                                  
01000000115072283730000000000763300                                                                  
01000000115072284530000000000763300                                                                  
01000000115072284750000000000828900                                                                  
01000000115072284080000000000735600                                                                  
01000000115072283950000000000735600                                                                  
01000000115072284200000000000735600                                                                  
01000000303705083480000000000735600                                                                  
01000000111230314490000000000369200                                                                  
01000000111230750450000000000369200                                                                  
01000000111230751140000000000382700                                                                  
01000000111230751810000000000735600                                                                  
01000000111230563730000000000883300                                                                  
01000000111230751920000000000369200                                                                  
01000000111230639690000000000735600                                                                  
01000000111230407820000000000735600                                                                  
01000000115346474940000000000735600                                                                  
01000000104761379610000000000735600                                                                  
01000000104761686270000000000735600                                                                  
01000000106259840470000000000369200                                                                  
01000000106259137900000000000735600                                                                  
01000000106259316400000000000735600                                                                  
01000000106259285040000000000735600                                                                  
01000000106259840360000000000900600                                                                  
01000000106259841940000000000735600                                                                  
01000000106259663340000000000369200                                                                  
01000000300371507900000000000735600                                                                  
01000000335237665010000000000787000                                                                  
01000000112500251100000000000763300                                                                  
01000000112500692370000000001308500                                                                  
01000000112500223460000000000940500                                                                  
01000000112500704130000000000735600                                                                  
01000000112500685960000000000880700                                                                  
01000000112500704020000000000837400                                                                  
01000000112500148340000000000369200                                                                  
01000000112500707180000000001048600                                                                  
01000000112500711880000000000763300                                                                  
01000000112500713370000000000743100                                                                  
01000000301953542480000000000844000                                                                  
01000000315272610560000000000735600                                                                  
01000000115449973660000000001136100                                                                  
01000000115449973770000000001086600                                                                  
01000000328479091290000000000735600                                                                  
01000000312578229160000000000735600                                                                  
01000000108599077440000000000382700                                                                  
01000000108598287270000000000735600                                                                  
01000000108599075300000000000735600                                                                  
01000000108599070300000000000763300                                                                  
01000000108599162500000000000369200                                                                  
01000000108599438850000000000735600                                                                  
01000000345727980160000000000735600                                                                  
01000000115525584870000000000382700                                                                  
01000000115153840040000000000735600                                                                  
01000000112718021180000000000369200                                                                  
01000000112718030750000000000369200                                                                  
01000000112718019080000000000369200                                                                  
01000000116754589490000000000944800                                                                  
01000000116754590670000000001166000                                                                  
01000000115599271310000000000369200                                                                  
01000000115599358450000000000735600                                                                  
01000000115599358780000000000735600                                                                  
01000000115599358670000000001166000                                                                  
01000000115599358560000000000996800                                                                  
01000000321767980670000000000735600                                                                  
01000000338551089510000000000735600                                                                  
01000000115037654460000000000369200                                                                  
01000000103067403320000000000386500                                                                  
01000000103067190930000000000849600                                                                  
01000000103067347470000000000369200                                                                  
01000000103067367000000000000369200                                                                  
01000000103067647490000000000735600                                                                  
01000000103067650620000000000735600                                                                  
01000000305678022570000000000735600                                                                  
01000000303872169820000000000735600                                                                  
01000000112965216600000000000763300                                                                  
01000000106245992940000000000860300                                                                  
01000000106245780250000000000369200                                                                  
01000000106245364820000000000369200                                                                  
01000000336155072250000000000735600                                                                  
01000000308148196470000000000706500                                                                  
01000000303125367380000000000735600                                                                  
01000000324735129670000000000735600                                                                  
01000000347803719830000000003942400                                                                  
51000000338814547410000000114861200                                                                  
