01000000300163102850000000006820000                                                                  
01000000200312297630000000003543400                                                                  
01000000309010391240000000002320300                                                                  
01000000316936401010000000001131000                                                                  
01000000313289326910000000002073900                                                                  
01000000307647409190000000002067200                                                                  
01000000318080171770000000002288900                                                                  
01000000311916863400000000002112900                                                                  
01000000106044079370000000002130200                                                                  
01000000309306227260000000002139000                                                                  
01000000302658370560000000001703400                                                                  
01000000200706416460000000002432400                                                                  
01000000106044063090000000003009600                                                                  
01000000312120604690000000001366000                                                                  
01000000301066659520000000000745900                                                                  
01000000106044060140000000001003400                                                                  
01000000106044105650000000001537000                                                                  
01000000313604573750000000000845400                                                                  
01000000201119018850000000001023700                                                                  
01000000201852648370000000000801500                                                                  
01000000302654629820000000000743000                                                                  
01000000112800194300000000000787000                                                                  
01000000106044062070000000000735600                                                                  
01000000106044103160000000000735600                                                                  
01000000106044138270000000003393800                                                                  
01000000343321015890000000001167000                                                                  
01000000106044298260000000002918400                                                                  
01000000300868645590000000002371100                                                                  
01000000300990760060000000001375100                                                                  
01000000314421142440000000001401500                                                                  
01000000301304180280000000002371100                                                                  
01000000301914233320000000002669700                                                                  
01000000302119144120000000003009600                                                                  
01000000302113155440000000001521100                                                                  
01000000303518426600000000002335700                                                                  
01000000303943993290000000002661400                                                                  
01000000304367115960000000003191900                                                                  
01000000302658364050000000000735600                                                                  
01000000106729581910000000000955400                                                                  
01000000304610908150000000001275700                                                                  
01000000304850434930000000001314500                                                                  
01000000106042214100000000001598800                                                                  
01000000106044148760000000000783800                                                                  
01000000300498508670000000001716300                                                                  
01000000300953411070000000001753700                                                                  
01000000302605628550000000002188500                                                                  
01000000308376314760000000001801700                                                                  
01000000308327317700000000001388700                                                                  
01000000312078136930000000001437800                                                                  
01000000102417218310000000003200100                                                                  
01000000300522592340000000001210700                                                                  
01000000312548743990000000002130700                                                                  
01000000309894506440000000001466200                                                                  
01000000330842302270000000002109800                                                                  
01000000316707900160000000001351700                                                                  
01000000201119005080000000001542500                                                                  
01000000200706418730000000001425800                                                                  
01000000114966465370000000001367900                                                                  
51000000349973881650000000107239600                                                                  
