01000000325949616170000000003742200                                                                  
01000000202054664140000000025457800                                                                  
01000000308042045770000000019889100                                                                  
01000000113223896460000000045738000                                                                  
01000000113223698120000000012508600                                                                  
01000000325635370930000000001098900                                                                  
01000000313847397470000000000460300                                                                  
01000000115497016580000000021136500                                                                  
01000000113223741520000000011583100                                                                  
01000000303211829690000000040990800                                                                  
01000000303236694270000000009147600                                                                  
01000000303314928660000000011191900                                                                  
01000000309240822880000000001890000                                                                  
01000000304804318540000000016632000                                                                  
01000000115497073110000000003504100                                                                  
01000000110400174040000000010533600                                                                  
01000000305252894020000000006306300                                                                  
01000000314413061520000000002295000                                                                  
01000000343939638900000000006237000                                                                  
01000000304349188090000000001290000                                                                  
01000000110399068600000000003460000                                                                  
01000000308404485440000000009207000                                                                  
01000000334270785590000000014501000                                                                  
51000000008448120220000000278800800                                                                  
