51000000730613221170000000002500000                                                                  
51000000730757094610000000003000000                                                                  
51000000730770563830000000002500000                                                                  
51000000730603628100000000003000000                                                                  
51000000730766308620000000002500000                                                                  
51000000730768722560000000002500000                                                                  
51000000730784738270000000002500000                                                                  
51000000730967894100000000003000000                                                                  
51000000731008487160000000005000000                                                                  
51000000731008639820000000003000000                                                                  
51000000731008635740000000003000000                                                                  
51000000731008614970000000003000000                                                                  
51000000731008051470000000002500000                                                                  
51000000731008707950000000002000000                                                                  
51000000731008697570000000002500000                                                                  
51000000731008054870000000003000000                                                                  
51000000731008027250000000002000000                                                                  
51000000731008692360000000003000000                                                                  
51000000731008025990000000002000000                                                                  
51000000731008694410000000003000000                                                                  
51000000731008061950000000002000000                                                                  
51000000731008040520000000002500000                                                                  
51000000731008035140000000002500000                                                                  
51000000731008716080000000002500000                                                                  
51000000731008714500000000002500000                                                                  
51000000731008699840000000002500000                                                                  
51000000731010576870000000002500000                                                                  
51000000731010608370000000003000000                                                                  
51000000730832289600000000010000000                                                                  
51000000731008652650000000003000000                                                                  
51000000730746763330000000002500000                                                                  
51000000730802384370000000003000000                                                                  
51000000730738305030000000003000000                                                                  
51000000731008617700000000003000000                                                                  
51000000731008644650000000003000000                                                                  
51000000730799920140000000002500000                                                                  
51000000010182272460000000002500000                                                                  
51000000731008625090000000002000000                                                                  
51000000731014619090000000002500000                                                                  
51000000730799901740000000002500000                                                                  
51000000731008637660000000002000000                                                                  
51000000731008635630000000003000000                                                                  
51000000730794970350000000002000000                                                                  
51000000730794973880000000002000000                                                                  
51000000730794973500000000003000000                                                                  
51000000730795016280000000003000000                                                                  
51000000730794971780000000002500000                                                                  
51000000730794972580000000003000000                                                                  
51000000731006760730000000002500000                                                                  
51000000730732129520000000003000000                                                                  
51000000730981498550000000003000000                                                                  
51000000731012732780000000003000000                                                                  
51000000730787922870000000002000000                                                                  
51000000720787915670000000002500000                                                                  
51000000730647919260000000002000000                                                                  
51000000730787697900000000002500000                                                                  
51000000730787700680000000003000000                                                                  
51000000730787696210000000003000000                                                                  
51000000730491969580000000003000000                                                                  
51000000730837831730000000002500000                                                                  
51000000731002728760000000002500000                                                                  
51000000346007926480000000003000000                                                                  
51000000324073957490000000003000000                                                                  
51000000337191408800000000003000000                                                                  
51000000336366024100000000005000000                                                                  
51000000324400873030000000003000000                                                                  
51000000200715014930000000003000000                                                                  
51000000336098632470000000002000000                                                                  
51000000116200664100000000002000000                                                                  
51000000336208655570000000003000000                                                                  
51000000314887534250000000002500000                                                                  
51000000339011824930000000003000000                                                                  
51000000337058901800000000003000000                                                                  
51000000336575025890000000003000000                                                                  
51000000312937379570000000003000000                                                                  
51000000321708830380000000003000000                                                                  
51000000336404356090000000002500000                                                                  
51000000336346635000000000003000000                                                                  
51000000336573389140000000003000000                                                                  
51000000336019180370000000003000000                                                                  
51000000336271965100000000002500000                                                                  
51000000336403914880000000002500000                                                                  
51000000336404192910000000002500000                                                                  
51000000336404386330000000003000000                                                                  
51000000336402625000000000003000000                                                                  
51000000316306110370000000003000000                                                                  
51000000312690037210000000002500000                                                                  
51000000310579208280000000003000000                                                                  
51000000336404256350000000003000000                                                                  
51000000336475329350000000003000000                                                                  
51000000325199410450000000003000000                                                                  
51000000319353813020000000003000000                                                                  
51000000337168676920000000002000000                                                                  
51000000338797230610000000003000000                                                                  
51000000338878601240000000002000000                                                                  
51000000338945118200000000002500000                                                                  
51000000338877893180000000002500000                                                                  
51000000339065405910000000002500000                                                                  
51000000117033422970000000005000000                                                                  
51000000338061635240000000002500000                                                                  
51000000326043587250000000002500000                                                                  
51000000305667624620000000003000000                                                                  
51000000338192631490000000002500000                                                                  
51000000303478219630000000003000000                                                                  
51000000306748167670000000003000000                                                                  
51000000338948085500000000003000000                                                                  
51000000339160964820000000003000000                                                                  
51000000330660765710000000003000000                                                                  
51000000339160958080000000003000000                                                                  
51000000338048076020000000003000000                                                                  
51000000328333076080000000003000000                                                                  
51000000336043149390000000003000000                                                                  
51000000302866039410000000005000000                                                                  
51000000325994701360000000005000000                                                                  
51000000303723396600000000002500000                                                                  
51000000334925969700000000003000000                                                                  
51000000336045105810000000002500000                                                                  
51000000335712091560000000003000000                                                                  
51000000314759462410000000003000000                                                                  
51000000305148700470000000003000000                                                                  
51000000314646278410000000003000000                                                                  
51000000328767283440000000003000000                                                                  
51000000116008281130000000003000000                                                                  
51000000200861844760000000003000000                                                                  
51000000115889973090000000003000000                                                                  
51000000303964587050000000003000000                                                                  
51000000323727535000000000003000000                                                                  
51000000308921452980000000003000000                                                                  
51000000315302881530000000003000000                                                                  
51000000113263331220000000003000000                                                                  
51000000345106232960000000003000000                                                                  
51000000345109771540000000003000000                                                                  
51000000305250573890000000005000000                                                                  
51000000329674127360000000003000000                                                                  
51000000387225603880000000002500000                                                                  
51000000319991304430000000003000000                                                                  
51000000336212177210000000003000000                                                                  
51000000318350780360000000003000000                                                                  
510000003.13679E+110000000002000000                                                                  
51000000303888185900000000002500000                                                                  
51000000329084985980000000003000000                                                                  
51000000308617769880000000003000000                                                                  
51000000334386658400000000003000000                                                                  
51000000304665160890000000002500000                                                                  
51000000334750647860000000002500000                                                                  
51000000308870288420000000002000000                                                                  
51000000329940676360000000002500000                                                                  
51000000337017235980000000002500000                                                                  
51000000339932767240000000002500000                                                                  
51000000336458024740000000003000000                                                                  
51000000337336308100000000003000000                                                                  
51000000309414808120000000002500000                                                                  
51000000337276315060000000003000000                                                                  
51000000329798267860000000003000000                                                                  
51000000304052218690000000003000000                                                                  
51000000335686175250000000002500000                                                                  
51000000319405453870000000002500000                                                                  
51000000337022382060000000002500000                                                                  
51000000308959769430000000002500000                                                                  
