01000000300567917860000000001599000                                                                  
01000000105989449420000000001752900                                                                  
01000000111173373410000000001545900                                                                  
01000000111173518540000000001164800                                                                  
01000000111173518870000000000771000                                                                  
01000000111173518320000000001668300                                                                  
01000000111173463120000000000735600                                                                  
01000000111173517960000000001859600                                                                  
01000000111173396540000000001024200                                                                  
01000000111173517630000000001595300                                                                  
01000000111173399610000000001883400                                                                  
01000000306630602570000000000735600                                                                  
01000000111173516720000000002513600                                                                  
01000000111173484560000000001770400                                                                  
01000000111173532160000000002009800                                                                  
01000000111173538620000000001720200                                                                  
01000000111173567050000000002009800                                                                  
01000000111173584310000000001154200                                                                  
01000000111173589410000000001770400                                                                  
01000000111173621290000000001245100                                                                  
01000000111173652330000000000787000                                                                  
01000000111173441110000000001569100                                                                  
01000000111173645460000000001640800                                                                  
01000000111173647940000000001521100                                                                  
01000000111173629800000000001521100                                                                  
01000000111173661890000000002300600                                                                  
01000000111173667460000000001086600                                                                  
01000000111173667800000000001819000                                                                  
01000000111173676260000000001417300                                                                  
01000000111173757400000000002512100                                                                  
01000000115021021490000000001704400                                                                  
01000000111173862860000000001917300                                                                  
01000000301438118430000000002590700                                                                  
01000000105989297960000000001818700                                                                  
01000000111173926640000000000659900                                                                  
01000000302011799280000000001567600                                                                  
01000000300829243650000000001599000                                                                  
01000000305648348720000000001314500                                                                  
01000000305328132690000000001161100                                                                  
01000000111173665650000000001502000                                                                  
01000000305786912350000000001927500                                                                  
01000000102923271210000000001725100                                                                  
01000000105989927470000000001869300                                                                  
01000000305815449990000000001351700                                                                  
01000000306211638970000000001547100                                                                  
01000000306054284590000000001388700                                                                  
01000000115024016600000000000735600                                                                  
01000000112047181900000000000811600                                                                  
01000000112047208230000000001482400                                                                  
01000000305278739280000000001050800                                                                  
01000000112047211790000000001446200                                                                  
01000000311002330000000000002023600                                                                  
01000000113677566500000000001865400                                                                  
01000000305461307960000000001310700                                                                  
01000000112997179120000000002126300                                                                  
01000000111016246160000000002043900                                                                  
01000000111016156020000000001609000                                                                  
01000000111016263180000000001007100                                                                  
01000000111015981740000000001720200                                                                  
01000000305408307150000000002033600                                                                  
01000000111016207460000000002009800                                                                  
01000000111017323930000000001483600                                                                  
01000000111016431850000000002371100                                                                  
01000000303272778000000000002512400                                                                  
01000000111017017500000000001342100                                                                  
01000000115774752060000000001398900                                                                  
01000000305627938570000000000828800                                                                  
01000000113969419550000000001919700                                                                  
01000000113402067410000000002371200                                                                  
01000000305537393560000000001482400                                                                  
01000000304169691630000000001482400                                                                  
01000000115373107380000000001411500                                                                  
01000000111554671710000000001714700                                                                  
01000000111554735590000000001560300                                                                  
01000000111554376890000000001129800                                                                  
01000000107865378310000000001154600                                                                  
01000000107968347290000000000799500                                                                  
01000000305462779340000000000655600                                                                  
01000000305658606520000000001411000                                                                  
01000000305658076760000000001819000                                                                  
01000000305831568350000000001819100                                                                  
01000000115291359470000000001351700                                                                  
01000000305517222980000000001547100                                                                  
01000000110465029720000000000854400                                                                  
01000000109194075330000000000535600                                                                  
01000000109193824600000000000374500                                                                  
01000000109193918820000000001969700                                                                  
01000000303503818110000000001375100                                                                  
01000000306379085950000000000735600                                                                  
01000000305392476920000000000706500                                                                  
01000000305352188580000000000706500                                                                  
01000000109128057010000000000989800                                                                  
01000000104877779200000000000860600                                                                  
01000000109127723090000000001048200                                                                  
01000000305526742180000000001669800                                                                  
01000000305488337640000000000735600                                                                  
01000000305543089200000000001565900                                                                  
01000000104716418070000000002045700                                                                  
01000000107865488770000000001178500                                                                  
01000000305586031480000000001840800                                                                  
01000000113885957100000000001876800                                                                  
01000000113886330320000000002371100                                                                  
01000000113885940800000000000854600                                                                  
01000000306027105050000000000784400                                                                  
01000000300581575090000000001683500                                                                  
01000000110033925380000000001483600                                                                  
01000000110033933150000000002074400                                                                  
01000000308298700500000000000735600                                                                  
01000000116955671030000000001770400                                                                  
01000000305766842310000000001628500                                                                  
01000000305058871540000000001547100                                                                  
01000000107744909750000000000771000                                                                  
01000000113133678830000000000735600                                                                  
01000000306130813020000000001865400                                                                  
01000000305407727060000000001521100                                                                  
01000000115160447810000000000933700                                                                  
01000000305412103730000000000735600                                                                  
01000000115042953760000000001772500                                                                  
01000000115773322010000000001446200                                                                  
01000000106768745560000000003067500                                                                  
01000000106768833890000000002865900                                                                  
01000000305409749950000000001036100                                                                  
01000000200178570930000000001020200                                                                  
01000000106156433270000000001896800                                                                  
01000000106077865460000000002706300                                                                  
01000000108769321580000000000927200                                                                  
01000000305674165130000000000706500                                                                  
01000000305388529390000000001547100                                                                  
01000000312420849060000000001388700                                                                  
01000000305393575920000000001314500                                                                  
01000000200131930440000000001590700                                                                  
01000000315989265740000000000940300                                                                  
01000000110033739330000000001772100                                                                  
01000000106781293500000000002009800                                                                  
01000000115448911220000000001264400                                                                  
01000000305442671560000000001678100                                                                  
01000000306196347940000000001245300                                                                  
01000000107865284200000000001243600                                                                  
01000000305461729080000000001831800                                                                  
01000000319692865450000000000735600                                                                  
01000000321470730650000000000735600                                                                  
01000000200864719920000000001635900                                                                  
01000000318476383590000000001542500                                                                  
01000000321610322820000000001837100                                                                  
01000000305595247420000000001181500                                                                  
01000000324974355070000000000706500                                                                  
01000000325189631160000000001267900                                                                  
01000000305359563390000000000706500                                                                  
01000000111173788650000000000817300                                                                  
01000000307091229100000000001351700                                                                  
01000000304695642670000000000706500                                                                  
01000000305592887820000000001136200                                                                  
01000000303327105890000000000854600                                                                  
01000000303897571680000000001466200                                                                  
01000000327923686440000000001695700                                                                  
01000000115160364410000000001362100                                                                  
01000000113402351500000000001766800                                                                  
01000000113515957560000000001513100                                                                  
01000000336620139880000000000706500                                                                  
01000000304322269900000000001452100                                                                  
01000000305538324700000000001368000                                                                  
01000000112996992760000000001699400                                                                  
01000000320675480000000000001081600                                                                  
01000000111173088750000000000727800                                                                  
01000000113677876900000000001012300                                                                  
01000000305436289440000000001506500                                                                  
01000000301128600920000000001055600                                                                  
01000000334189959410000000000915800                                                                  
01000000305327989530000000001714300                                                                  
01000000313090535330000000003734200                                                                  
51000000338814547410000000247021300                                                                  
