01000000305317601130000000000204000                                                                  
01000000104942976840000000000139000                                                                  
01000000104943029240000000000353400                                                                  
01000000300188488010000000001949600                                                                  
01000000104943327440000000000300000                                                                  
01000000112717763230000000000445500                                                                  
01000000304740968890000000000360000                                                                  
01000000342546392840000000003369700                                                                  
01000000343097828480000000009440500                                                                  
51000000338814547410000000016561700                                                                  
