51000000338574617790000000004200000                                                                  
51000000336902258190000000004500000                                                                  
51000000336650949320000000005400000                                                                  
51000000301181279980000000006000000                                                                  
51000000337540786890000000010000000                                                                  
51000000301621687720000000006000000                                                                  
51000000336626841860000000006000000                                                                  
51000000300790475580000000010000000                                                                  
51000000335882947450000000010000000                                                                  
51000000332298382560000000010000000                                                                  
51000000300937346650000000010000000                                                                  
51000000344529087310000000006000000                                                                  
51000000304737224460000000004500000                                                                  
51000000314320931090000000004500000                                                                  
51000000337000546820000000004500000                                                                  
51000000337205344390000000004500000                                                                  
51000000315241800000000000004500000                                                                  
51000000337139383180000000004500000                                                                  
51000000332431551700000000004500000                                                                  
51000000307928722720000000004500000                                                                  
51000000337059858120000000004500000                                                                  
51000000337051926070000000004500000                                                                  
51000000339132742010000000004500000                                                                  
51000000321025305150000000004500000                                                                  
51000000338062771560000000004500000                                                                  
51000000314937830990000000004500000                                                                  
51000000335475696400000000006000000                                                                  
51000000339950959400000000006000000                                                                  
51000000335017621260000000006000000                                                                  
51000000315033289620000000006000000                                                                  
51000000300540632040000000006000000                                                                  
51000000338144473930000000006000000                                                                  
51000000337654914150000000004500000                                                                  
