51000000730306498870000000002000000                                                                  
51000000305546950660000000002000000                                                                  
51000000324548133870000000002000000                                                                  
51000000343747779540000000002000000                                                                  
51000000342131582480000000002000000                                                                  
51000000344335785670000000002000000                                                                  
51000000343358154120000000002000000                                                                  
51000000344667408280000000002000000                                                                  
51000000111091274020000000002000000                                                                  
51000000315058461540000000002000000                                                                  
51000000308688783380000000002000000                                                                  
51000000335232297930000000002000000                                                                  
51000000330128485780000000002000000                                                                  
51000000111072761500000000002000000                                                                  
51000000111072749810000000002000000                                                                  
51000000303045201710000000002000000                                                                  
51000000328591999420000000002000000                                                                  
51000000114493870090000000002000000                                                                  
51000000347369148020000000002000000                                                                  
51000000312820583450000000002000000                                                                  
51000000322886610900000000002000000                                                                  
51000000330972402420000000002000000                                                                  
51000000330970221980000000002000000                                                                  
51000000331194321720000000002000000                                                                  
51000000110931869590000000002000000                                                                  
51000000323485839100000000002000000                                                                  
51000000340418113840000000002000000                                                                  
51000000334476586380000000002000000                                                                  
51000000110930908020000000002000000                                                                  
51000000328367637600000000002000000                                                                  
51000000335129927480000000002000000                                                                  
51000000335042253610000000002000000                                                                  
51000000315365545960000000002000000                                                                  
51000000336639034700000000002000000                                                                  
51000000110931884700000000002000000                                                                  
51000000339864613200000000002000000                                                                  
51000000339015368390000000002000000                                                                  
51000000316470501050000000002000000                                                                  
51000000347403640540000000002000000                                                                  
51000000347403773690000000002000000                                                                  
51000000324241673260000000002000000                                                                  
51000000341398124810000000002000000                                                                  
51000000301715408990000000002000000                                                                  
51000000327473184490000000002000000                                                                  
51000000327526904000000000002000000                                                                  
51000000304649000670000000002000000                                                                  
51000000333189917350000000002000000                                                                  
51000000111091555090000000002000000                                                                  
51000000326605974490000000002000000                                                                  
51000000334712162600000000002000000                                                                  
51000000201351306300000000002000000                                                                  
51000000303834170040000000002000000                                                                  
51000000342507712140000000002000000                                                                  
51000000117121474120000000002000000                                                                  
51000000339495203690000000002000000                                                                  
51000000341065061850000000002000000                                                                  
51000000339856136150000000002000000                                                                  
51000000347360194350000000002000000                                                                  
51000000328025992650000000002000000                                                                  
51000000325432196080000000002000000                                                                  
51000000201380642320000000002000000                                                                  
51000000338007165090000000002000000                                                                  
51000000322653675060000000002000000                                                                  
51000000315044205700000000002000000                                                                  
51000000341968372250000000002000000                                                                  
51000000336404284330000000002000000                                                                  
51000000339888240110000000002000000                                                                  
51000000334623588300000000002000000                                                                  
51000000310418639130000000002000000                                                                  
51000000309574681050000000002000000                                                                  
51000000339918051510000000002000000                                                                  
51000000116727808900000000002000000                                                                  
51000000329203569640000000002000000                                                                  
51000000326481935990000000002000000                                                                  
51000000328287265580000000002000000                                                                  
51000000339588827380000000002000000                                                                  
51000000343623504170000000002000000                                                                  
51000000337252096200000000002000000                                                                  
51000000327771272220000000002000000                                                                  
51000000334866747000000000002000000                                                                  
51000000325999398350000000002000000                                                                  
51000000347184977430000000002000000                                                                  
51000000202299012350000000002000000                                                                  
51000000343881794040000000002000000                                                                  
51000000320990147940000000002000000                                                                  
51000000328225251870000000002000000                                                                  
51000000117121914160000000002000000                                                                  
51000000338214546620000000002000000                                                                  
51000000339337236620000000002000000                                                                  
51000000104287845860000000002000000                                                                  
51000000328646464210000000002000000                                                                  
51000000322636801810000000002000000                                                                  
51000000335381226830000000002000000                                                                  
51000000335723323050000000002000000                                                                  
51000000325571411890000000002000000                                                                  
51000000325571439690000000002000000                                                                  
51000000344522651320000000002000000                                                                  
51000000339093387380000000002000000                                                                  
51000000309841557910000000002000000                                                                  
51000000322771344750000000002000000                                                                  
51000000307734473540000000002000000                                                                  
51000000343748478890000000002000000                                                                  
51000000343103345750000000002000000                                                                  
51000000315964093540000000002000000                                                                  
51000000342299544230000000002000000                                                                  
51000000202354850020000000002000000                                                                  
51000000322585266670000000002000000                                                                  
51000000344334225760000000002000000                                                                  
51000000340273267920000000002000000                                                                  
51000000322812835350000000002000000                                                                  
51000000344320009270000000002000000                                                                  
51000000106397515940000000002000000                                                                  
51000000322720204170000000002000000                                                                  
51000000340744731730000000002000000                                                                  
51000000328002264100000000002000000                                                                  
51000000322701723600000000002000000                                                                  
51000000335361821570000000002000000                                                                  
51000000117074431660000000002000000                                                                  
51000000344359287600000000002000000                                                                  
51000000310716361240000000002000000                                                                  
51000000305456061000000000002000000                                                                  
51000000344192153640000000002000000                                                                  
51000000346217945410000000002000000                                                                  
51000000343989899720000000002000000                                                                  
51000000313031847110000000002000000                                                                  
51000000202451935940000000002000000                                                                  
51000000342186597480000000002000000                                                                  
51000000327467212120000000002000000                                                                  
51000000336112070770000000002000000                                                                  
51000000106396218150000000002000000                                                                  
51000000106396725540000000002000000                                                                  
51000000336244437350000000002000000                                                                  
51000000335358756960000000002000000                                                                  
51000000343289308060000000002000000                                                                  
51000000344554090360000000002000000                                                                  
51000000334278418540000000002000000                                                                  
51000000343744606410000000002000000                                                                  
51000000339456955950000000002000000                                                                  
51000000344391108760000000002000000                                                                  
51000000343773160480000000002000000                                                                  
51000000318136617520000000002000000                                                                  
51000000202354628010000000002000000                                                                  
51000000327525486570000000002000000                                                                  
51000000117074977680000000002000000                                                                  
51000000344054986390000000002000000                                                                  
51000000305350773700000000002000000                                                                  
51000000327419392450000000002000000                                                                  
51000000336731227570000000002000000                                                                  
51000000200774731510000000002000000                                                                  
51000000116121821440000000002000000                                                                  
51000000342797685290000000002000000                                                                  
51000000117074828980000000002000000                                                                  
51000000318071913510000000002000000                                                                  
51000000322604011340000000002000000                                                                  
51000000338497847670000000002000000                                                                  
51000000326768749380000000002000000                                                                  
51000000338853455790000000002000000                                                                  
51000000329532380240000000002000000                                                                  
51000000307367031290000000002000000                                                                  
51000000339334774120000000002000000                                                                  
51000000322741174080000000002000000                                                                  
51000000326685150490000000002000000                                                                  
51000000318599910830000000002000000                                                                  
51000000111331142780000000002000000                                                                  
51000000202593521970000000002000000                                                                  
51000000328150794230000000002000000                                                                  
51000000115375313940000000002000000                                                                  
51000000201214787530000000002000000                                                                  
51000000300429828130000000002000000                                                                  
51000000305640404260000000002000000                                                                  
51000000319344176370000000002000000                                                                  
51000000332658164680000000002000000                                                                  
51000000343934137340000000002000000                                                                  
51000000324175102520000000002000000                                                                  
51000000335399705290000000002000000                                                                  
51000000344667390730000000002000000                                                                  
51000000322618444400000000002000000                                                                  
51000000322574754530000000002000000                                                                  
51000000335843060070000000002000000                                                                  
51000000322597864220000000002000000                                                                  
51000000322574764780000000002000000                                                                  
51000000344420770470000000002000000                                                                  
51000000322646349160000000002000000                                                                  
51000000344375248890000000002000000                                                                  
51000000322663771370000000002000000                                                                  
51000000335469283200000000002000000                                                                  
51000000115108161540000000002000000                                                                  
51000000201118517860000000002000000                                                                  
51000000339277137210000000002000000                                                                  
51000000334871200680000000002000000                                                                  
51000000202160970660000000002000000                                                                  
51000000338595810620000000002000000                                                                  
51000000319100706100000000002000000                                                                  
51000000324576900970000000002000000                                                                  
51000000324020999590000000002000000                                                                  
51000000344348561040000000002000000                                                                  
51000000339523597780000000002000000                                                                  
51000000336049031170000000002000000                                                                  
51000000306547587400000000002000000                                                                  
51000000336049227650000000002000000                                                                  
51000000344210242830000000002000000                                                                  
51000000335751579850000000002000000                                                                  
51000000312341318230000000002000000                                                                  
51000000335041340630000000002000000                                                                  
51000000344076056170000000002000000                                                                  
51000000343890515410000000002000000                                                                  
51000000341200788530000000002000000                                                                  
51000000330745114250000000002000000                                                                  
51000000320090066420000000002000000                                                                  
51000000331049829380000000002000000                                                                  
51000000331499870150000000002000000                                                                  
51000000343547670080000000002000000                                                                  
51000000329196100190000000002000000                                                                  
51000000202263536100000000002000000                                                                  
51000000112498771700000000002000000                                                                  
51000000312974905170000000002000000                                                                  
51000000342558171890000000002000000                                                                  
51000000113189144470000000002000000                                                                  
51000000113189144470000000002000000                                                                  
51000000202066289430000000002000000                                                                  
51000000324874853910000000002000000                                                                  
51000000112498976300000000002000000                                                                  
51000000344322691300000000002000000                                                                  
51000000327941476450000000002000000                                                                  
51000000334835958650000000002000000                                                                  
51000000341334669660000000002000000                                                                  
51000000109372551890000000002000000                                                                  
51000000318939370800000000002000000                                                                  
51000000109372396650000000002000000                                                                  
51000000346188986030000000002000000                                                                  
51000000325624098120000000002000000                                                                  
51000000201980414520000000002000000                                                                  
51000000334670906810000000002000000                                                                  
51000000344389857480000000002000000                                                                  
51000000201980411560000000002000000                                                                  
51000000338807318620000000002000000                                                                  
51000000318374109150000000002000000                                                                  
51000000322638810820000000002000000                                                                  
51000000111649420570000000002000000                                                                  
51000000340521072140000000002000000                                                                  
51000000337785167640000000002000000                                                                  
51000000339039116620000000002000000                                                                  
51000000338931537610000000002000000                                                                  
51000000308570665320000000002000000                                                                  
51000000334799971300000000002000000                                                                  
51000000304556385990000000002000000                                                                  
51000000323980654340000000002000000                                                                  
51000000309333636200000000002000000                                                                  
51000000330642422830000000002000000                                                                  
51000000344151232710000000002000000                                                                  
51000000328801237370000000002000000                                                                  
51000000335033565650000000002000000                                                                  
51000000335167056710000000002000000                                                                  
51000000328701110540000000002000000                                                                  
51000000335261132750000000002000000                                                                  
51000000328243822470000000002000000                                                                  
51000000344701581170000000002000000                                                                  
51000000343256334770000000002000000                                                                  
51000000338553762720000000002000000                                                                  
51000000324507861610000000002000000                                                                  
51000000328146572940000000002000000                                                                  
51000000202183040720000000002000000                                                                  
51000000202400966730000000002000000                                                                  
51000000334801334370000000002000000                                                                  
51000000112676100350000000002000000                                                                  
51000000340333486060000000002000000                                                                  
51000000326596408190000000002000000                                                                  
51000000336703830410000000002000000                                                                  
51000000328710247160000000002000000                                                                  
51000000112676326270000000002000000                                                                  
51000000341344512670000000002000000                                                                  
51000000334930885250000000002000000                                                                  
51000000108402619490000000002000000                                                                  
51000000305862006780000000002000000                                                                  
51000000334866671580000000002000000                                                                  
51000000334795031310000000002000000                                                                  
51000000326739099100000000002000000                                                                  
51000000335214246610000000002000000                                                                  
51000000318292076850000000002000000                                                                  
51000000330794272330000000002000000                                                                  
51000000342497867240000000002000000                                                                  
51000000344161098120000000002000000                                                                  
51000000341307918960000000002000000                                                                  
51000000301902990960000000002000000                                                                  
51000000328302056100000000002000000                                                                  
51000000334445658700000000002000000                                                                  
51000000318485681400000000002000000                                                                  
51000000114861927420000000002000000                                                                  
51000000335083644790000000002000000                                                                  
51000000327112157630000000002000000                                                                  
51000000331140403270000000002000000                                                                  
51000000344292693170000000002000000                                                                  
51000000327784490120000000002000000                                                                  
51000000326239735090000000002000000                                                                  
51000000338574545920000000002000000                                                                  
51000000338574545920000000002000000                                                                  
51000000314241072490000000002000000                                                                  
51000000109419487900000000002000000                                                                  
51000000328272678550000000002000000                                                                  
51000000301896822230000000002000000                                                                  
51000000326720887890000000002000000                                                                  
51000000342798395920000000002000000                                                                  
51000000334987399360000000002000000                                                                  
51000000345644651900000000002000000                                                                  
51000000335502519740000000002000000                                                                  
51000000330161749640000000002000000                                                                  
51000000113282095350000000002000000                                                                  
51000000322693694850000000002000000                                                                  
51000000346538669170000000002000000                                                                  
51000000335510318400000000002000000                                                                  
51000000324402024530000000002000000                                                                  
51000000322504989320000000002000000                                                                  
51000000322504999020000000002000000                                                                  
51000000334966371100000000002000000                                                                  
51000000334891565710000000002000000                                                                  
51000000334753619270000000002000000                                                                  
51000000335793551550000000002000000                                                                  
51000000325892597400000000002000000                                                                  
51000000322598933320000000002000000                                                                  
51000000327019336250000000002000000                                                                  
51000000317474042550000000002000000                                                                  
51000000107556178380000000002000000                                                                  
51000000107556359150000000002000000                                                                  
51000000326776814030000000002000000                                                                  
51000000322723987510000000002000000                                                                  
51000000307583378810000000002000000                                                                  
51000000331000132280000000002000000                                                                  
51000000339242736120000000002000000                                                                  
51000000343333423540000000002000000                                                                  
51000000308561346290000000002000000                                                                  
51000000343891053620000000002000000                                                                  
51000000327611850230000000002000000                                                                  
51000000335033022020000000002000000                                                                  
51000000322689476850000000002000000                                                                  
51000000342880629210000000002000000                                                                  
51000000342509096520000000002000000                                                                  
51000000322938529300000000002000000                                                                  
51000000315037342700000000002000000                                                                  
51000000109057540820000000002000000                                                                  
51000000327085498790000000002000000                                                                  
51000000344330878960000000002000000                                                                  
51000000344190468350000000002000000                                                                  
51000000322805957700000000002000000                                                                  
51000000322508626290000000002000000                                                                  
51000000322462085820000000002000000                                                                  
51000000322437254340000000002000000                                                                  
51000000332233313770000000002000000                                                                  
51000000344212456340000000002000000                                                                  
51000000302310805150000000002000000                                                                  
51000000347416594020000000002000000                                                                  
51000000339922159450000000002000000                                                                  
51000000327976770120000000002000000                                                                  
51000000113679910590000000002000000                                                                  
51000000314497844610000000002000000                                                                  
51000000340310443590000000002000000                                                                  
51000000344063371140000000002000000                                                                  
51000000323440374320000000002000000                                                                  
51000000322380237360000000002000000                                                                  
51000000322693966340000000002000000                                                                  
51000000330845141180000000002000000                                                                  
51000000201072392670000000002000000                                                                  
51000000319707446370000000002000000                                                                  
51000000325954362130000000002000000                                                                  
51000000326472173870000000002000000                                                                  
51000000344108877080000000002000000                                                                  
51000000326515853770000000002000000                                                                  
51000000339690787990000000002000000                                                                  
51000000326565557220000000002000000                                                                  
51000000106730070070000000002000000                                                                  
51000000325062231310000000002000000                                                                  
51000000116579255420000000002000000                                                                  
51000000020175181830000000002000000                                                                  
51000000344189379020000000002000000                                                                  
51000000335344078440000000002000000                                                                  
51000000312896368640000000002000000                                                                  
51000000320189035300000000002000000                                                                  
51000000314933427030000000002000000                                                                  
51000000302133441750000000002000000                                                                  
51000000316235991080000000002000000                                                                  
51000000347351309360000000002000000                                                                  
51000000316091692190000000002000000                                                                  
51000000319077129180000000002000000                                                                  
51000000304974441290000000002000000                                                                  
51000000327116206900000000002000000                                                                  
51000000311470478490000000002000000                                                                  
51000000303626002860000000002000000                                                                  
51000000309553792150000000002000000                                                                  
51000000346410736030000000002000000                                                                  
51000000113617363230000000002000000                                                                  
51000000321665152100000000002000000                                                                  
51000000320457072820000000002000000                                                                  
51000000304917699580000000002000000                                                                  
51000000343983295070000000002000000                                                                  
51000000322483579620000000002000000                                                                  
51000000308675892670000000002000000                                                                  
51000000322688616720000000002000000                                                                  
51000000200291000830000000002000000                                                                  
51000000343261437430000000002000000                                                                  
51000000113514706670000000002000000                                                                  
51000000335621018900000000002000000                                                                  
51000000330770679830000000002000000                                                                  
51000000202061151810000000002000000                                                                  
51000000343546080930000000002000000                                                                  
51000000327621030360000000002000000                                                                  
51000000344042999410000000002000000                                                                  
51000000344078818030000000002000000                                                                  
51000000303067391560000000002000000                                                                  
51000000108896016860000000002000000                                                                  
51000000327952806200000000002000000                                                                  
51000000337897158580000000002000000                                                                  
51000000108896232140000000002000000                                                                  
51000000322454623350000000002000000                                                                  
51000000336223014850000000002000000                                                                  
51000000322912208880000000002000000                                                                  
51000000302785191180000000002000000                                                                  
51000000326688036480000000002000000                                                                  
51000000328378039750000000002000000                                                                  
51000000312928792670000000002000000                                                                  
51000000112800193160000000002000000                                                                  
51000000112800759270000000002000000                                                                  
51000000112800809710000000002000000                                                                  
51000000328153383450000000002000000                                                                  
51000000322581544050000000002000000                                                                  
51000000322848026610000000002000000                                                                  
51000000322995355060000000002000000                                                                  
51000000322813656990000000002000000                                                                  
51000000345966928730000000002000000                                                                  
51000000340904666080000000002000000                                                                  
51000000343906508910000000002000000                                                                  
51000000344303766410000000002000000                                                                  
51000000317136873670000000002000000                                                                  
51000000112496368600000000002000000                                                                  
51000000347409956920000000002000000                                                                  
51000000113361612510000000002000000                                                                  
51000000304188303550000000002000000                                                                  
51000000112496218090000000002000000                                                                  
51000000326650821410000000002000000                                                                  
51000000112800204450000000002000000                                                                  
51000000112800505830000000002000000                                                                  
51000000328186724120000000002000000                                                                  
51000000303759388650000000002000000                                                                  
51000000201852633670000000002000000                                                                  
51000000309603129680000000002000000                                                                  
51000000342845503220000000002000000                                                                  
51000000327013849810000000002000000                                                                  
51000000344136981410000000002000000                                                                  
51000000316393961000000000002000000                                                                  
51000000328733515610000000002000000                                                                  
51000000315012867060000000002000000                                                                  
51000000332263331000000000002000000                                                                  
51000000116509467830000000002000000                                                                  
51000000115852143460000000002000000                                                                  
51000000339750322570000000002000000                                                                  
51000000343383208770000000002000000                                                                  
51000000200309537200000000002000000                                                                  
51000000312863746720000000002000000                                                                  
51000000342457881580000000002000000                                                                  
51000000308196524770000000002000000                                                                  
51000000344380923680000000002000000                                                                  
51000000339428922900000000002000000                                                                  
51000000347355007330000000002000000                                                                  
51000000305011082420000000002000000                                                                  
51000000328811615360000000002000000                                                                  
51000000328023835300000000002000000                                                                  
51000000322846297860000000002000000                                                                  
51000000305670268830000000002000000                                                                  
51000000320365641300000000002000000                                                                  
51000000328072407450000000002000000                                                                  
51000000343728070750000000002000000                                                                  
51000000303094949950000000002000000                                                                  
51000000328347522070000000002000000                                                                  
51000000302195246940000000002000000                                                                  
51000000318572600330000000002000000                                                                  
51000000331718056200000000002000000                                                                  
51000000109973729800000000002000000                                                                  
51000000344655774200000000002000000                                                                  
51000000309421015400000000002000000                                                                  
51000000113327805590000000002000000                                                                  
51000000113936165540000000002000000                                                                  
51000000322686542470000000002000000                                                                  
51000000302883447010000000002000000                                                                  
51000000113891942180000000002000000                                                                  
51000000113891337640000000002000000                                                                  
51000000309163202350000000002000000                                                                  
51000000331653674780000000002000000                                                                  
51000000344089542040000000002000000                                                                  
51000000107945073960000000002000000                                                                  
51000000113102025170000000002000000                                                                  
51000000344204138260000000002000000                                                                  
51000000343706640250000000002000000                                                                  
51000000341010947320000000002000000                                                                  
51000000339747083070000000002000000                                                                  
51000000312904639860000000002000000                                                                  
51000000338581281140000000002000000                                                                  
51000000346976432750000000002000000                                                                  
51000000302759951240000000002000000                                                                  
51000000344226723250000000002000000                                                                  
51000000115598071980000000002000000                                                                  
51000000200136339730000000002000000                                                                  
51000000341820568930000000002000000                                                                  
51000000344097425390000000002000000                                                                  
51000000113101609480000000002000000                                                                  
51000000109397639500000000002000000                                                                  
51000000322646064230000000002000000                                                                  
51000000347373662400000000002000000                                                                  
51000000322563738700000000002000000                                                                  
51000000322533677460000000002000000                                                                  
51000000322598661710000000002000000                                                                  
51000000309022417890000000002000000                                                                  
51000000340042067770000000002000000                                                                  
51000000339974087260000000002000000                                                                  
51000000344193523110000000002000000                                                                  
51000000313630547140000000002000000                                                                  
51000000329121347150000000002000000                                                                  
51000000304096238040000000002000000                                                                  
51000000306862018620000000002000000                                                                  
51000000344209251860000000002000000                                                                  
51000000312578283730000000002000000                                                                  
51000000304267900700000000002000000                                                                  
51000000328013445580000000002000000                                                                  
51000000109763956740000000002000000                                                                  
51000000347402319090000000002000000                                                                  
51000000342557184390000000002000000                                                                  
51000000335896095960000000002000000                                                                  
51000000344335350120000000002000000                                                                  
51000000321002597810000000002000000                                                                  
51000000344158288620000000002000000                                                                  
51000000331007908840000000002000000                                                                  
51000000333607483710000000002000000                                                                  
51000000110268769970000000002000000                                                                  
51000000110269339800000000002000000                                                                  
51000000110269549340000000002000000                                                                  
51000000314971244520000000002000000                                                                  
51000000318546043310000000002000000                                                                  
51000000109973643780000000002000000                                                                  
51000000314570183160000000002000000                                                                  
51000000327993030210000000002000000                                                                  
51000000341859559900000000002000000                                                                  
51000000109973076030000000002000000                                                                  
51000000319504801540000000002000000                                                                  
51000000323780163110000000002000000                                                                  
51000000109974502800000000002000000                                                                  
51000000322997580890000000002000000                                                                  
51000000200464067920000000002000000                                                                  
51000000322662627840000000002000000                                                                  
51000000322661219460000000002000000                                                                  
51000000323031367470000000002000000                                                                  
51000000303638212610000000002000000                                                                  
51000000201852039420000000002000000                                                                  
51000000322626834340000000002000000                                                                  
51000000322639515730000000002000000                                                                  
51000000108974651650000000002000000                                                                  
51000000322563185590000000002000000                                                                  
51000000322632365420000000002000000                                                                  
51000000342162562970000000002000000                                                                  
51000000340276548710000000002000000                                                                  
51000000341697245980000000002000000                                                                  
51000000108030504550000000002000000                                                                  
51000000344331352410000000002000000                                                                  
51000000337694464130000000002000000                                                                  
51000000307345719760000000002000000                                                                  
51000000343870491250000000002000000                                                                  
51000000340071047160000000002000000                                                                  
51000000116428909110000000002000000                                                                  
51000000201875464230000000002000000                                                                  
51000000340041730790000000002000000                                                                  
51000000330691141860000000002000000                                                                  
51000000330723227920000000002000000                                                                  
51000000344156559550000000002000000                                                                  
51000000317799287930000000002000000                                                                  
51000000301939404490000000002000000                                                                  
51000000116296266470000000002000000                                                                  
51000000341420137540000000002000000                                                                  
51000000116296479750000000002000000                                                                  
51000000322642246710000000002000000                                                                  
51000000108974871450000000002000000                                                                  
51000000344083506090000000002000000                                                                  
51000000316763886390000000002000000                                                                  
51000000328014512640000000002000000                                                                  
51000000340660682120000000002000000                                                                  
51000000344042204590000000002000000                                                                  
51000000115596743370000000002000000                                                                  
51000000328168302010000000002000000                                                                  
51000000328092561960000000002000000                                                                  
51000000315177088350000000002000000                                                                  
51000000108974883210000000002000000                                                                  
51000000332420452150000000002000000                                                                  
51000000347398087220000000002000000                                                                  
51000000327885756450000000002000000                                                                  
51000000312048600120000000002000000                                                                  
51000000308861314970000000002000000                                                                  
51000000331713252920000000002000000                                                                  
51000000302031047010000000002000000                                                                  
51000000116367431810000000002000000                                                                  
51000000342004518840000000002000000                                                                  
51000000343767513990000000002000000                                                                  
51000000328420170550000000002000000                                                                  
51000000322846154020000000002000000                                                                  
51000000330674970900000000002000000                                                                  
51000000310927879180000000002000000                                                                  
51000000335692133940000000002000000                                                                  
51000000330873168940000000002000000                                                                  
51000000322664773360000000002000000                                                                  
51000000327873816730000000002000000                                                                  
51000000336050998830000000002000000                                                                  
51000000335662506010000000002000000                                                                  
51000000344201163350000000002000000                                                                  
51000000310517068110000000002000000                                                                  
51000000113987675310000000002000000                                                                  
51000000343944130960000000002000000                                                                  
51000000332884975760000000002000000                                                                  
51000000322840244960000000002000000                                                                  
51000000339524151910000000002000000                                                                  
51000000339227141850000000002000000                                                                  
51000000339606396190000000002000000                                                                  
51000000342890375850000000002000000                                                                  
51000000335395163600000000002000000                                                                  
51000000115934548100000000002000000                                                                  
51000000328801134800000000002000000                                                                  
51000000116394891080000000002000000                                                                  
51000000340041052250000000002000000                                                                  
51000000343140372400000000002000000                                                                  
51000000344329868610000000002000000                                                                  
51000000335223457770000000002000000                                                                  
51000000303267225040000000002000000                                                                  
51000000342602169080000000002000000                                                                  
51000000328621848740000000002000000                                                                  
51000000113987674510000000002000000                                                                  
51000000343406902210000000002000000                                                                  
51000000344193317190000000002000000                                                                  
51000000336214133620000000002000000                                                                  
51000000330964757290000000002000000                                                                  
51000000328301595040000000002000000                                                                  
51000000329591210080000000002000000                                                                  
51000000343861208600000000002000000                                                                  
51000000337571551540000000002000000                                                                  
51000000341338829100000000002000000                                                                  
51000000116229698630000000002000000                                                                  
51000000323089156160000000002000000                                                                  
51000000322784430520000000002000000                                                                  
51000000342800866430000000002000000                                                                  
51000000339069851440000000002000000                                                                  
51000000338616884460000000002000000                                                                  
51000000304957579490000000002000000                                                                  
51000000202177299930000000002000000                                                                  
51000000201172381380000000002000000                                                                  
51000000111523748230000000002000000                                                                  
51000000110286500480000000002000000                                                                  
51000000343363687540000000002000000                                                                  
51000000340243275960000000002000000                                                                  
51000000310561765260000000002000000                                                                  
51000000111523553020000000002000000                                                                  
51000000344288175940000000002000000                                                                  
51000000343065737890000000002000000                                                                  
51000000113618897780000000002000000                                                                  
51000000110286619790000000002000000                                                                  
51000000109254324040000000002000000                                                                  
51000000338592045050000000002000000                                                                  
51000000113995339860000000002000000                                                                  
51000000110285458840000000002000000                                                                  
51000000344323368010000000002000000                                                                  
51000000318654114060000000002000000                                                                  
51000000316235737350000000002000000                                                                  
51000000307180089780000000002000000                                                                  
51000000339674823550000000002000000                                                                  
51000000328790689050000000002000000                                                                  
51000000339084240060000000002000000                                                                  
51000000343894447690000000002000000                                                                  
51000000336456219970000000002000000                                                                  
51000000327804648960000000002000000                                                                  
51000000011900955080000000002000000                                                                  
51000000343103266090000000002000000                                                                  
51000000342802813510000000002000000                                                                  
51000000335212276070000000002000000                                                                  
51000000344323407940000000002000000                                                                  
51000000113619021330000000002000000                                                                  
51000000113619075060000000002000000                                                                  
51000000335238953890000000002000000                                                                  
51000000113994736290000000002000000                                                                  
51000000328701953860000000002000000                                                                  
51000000324468468230000000002000000                                                                  
51000000317315094480000000002000000                                                                  
51000000343422358620000000002000000                                                                  
51000000322649464600000000002000000                                                                  
51000000328933223650000000002000000                                                                  
51000000336220203910000000002000000                                                                  
51000000322633570010000000002000000                                                                  
51000000322667617260000000002000000                                                                  
51000000322618138070000000002000000                                                                  
51000000109253392880000000002000000                                                                  
51000000109673741000000000002000000                                                                  
51000000343141425290000000002000000                                                                  
51000000322922577050000000002000000                                                                  
51000000322863579900000000002000000                                                                  
51000000340608171560000000002000000                                                                  
51000000322635305430000000002000000                                                                  
51000000344293129880000000002000000                                                                  
51000000344074784400000000002000000                                                                  
51000000338707378550000000002000000                                                                  
51000000339048935380000000002000000                                                                  
51000000322639444530000000002000000                                                                  
51000000109674146780000000002000000                                                                  
51000000342801250620000000002000000                                                                  
51000000339753054540000000002000000                                                                  
51000000339525651800000000002000000                                                                  
51000000329007466840000000002000000                                                                  
51000000346548662130000000002000000                                                                  
51000000334875453220000000002000000                                                                  
51000000323017359700000000002000000                                                                  
51000000335362778990000000002000000                                                                  
51000000335363652210000000002000000                                                                  
51000000334696934290000000002000000                                                                  
51000000116179407270000000002000000                                                                  
51000000334204861780000000002000000                                                                  
51000000304860928700000000002000000                                                                  
51000000334673605820000000002000000                                                                  
51000000322421358320000000002000000                                                                  
51000000344698136250000000002000000                                                                  
51000000343321029350000000002000000                                                                  
51000000327853230440000000002000000                                                                  
51000000110851495100000000002000000                                                                  
51000000110851691610000000002000000                                                                  
51000000340009579210000000002000000                                                                  
51000000110851503870000000002000000                                                                  
51000000115646045120000000002000000                                                                  
51000000344281451990000000002000000                                                                  
51000000335870900370000000002000000                                                                  
51000000337851746500000000002000000                                                                  
51000000202619339160000000002000000                                                                  
51000000202469206980000000002000000                                                                  
51000000343029946770000000002000000                                                                  
51000000325711237180000000002000000                                                                  
51000000200958007340000000002000000                                                                  
51000000334801918530000000002000000                                                                  
51000000109249880080000000002000000                                                                  
51000000324253879190000000002000000                                                                  
51000000325233660550000000002000000                                                                  
51000000201800352760000000002000000                                                                  
51000000335405355720000000002000000                                                                  
51000000323587930280000000002000000                                                                  
51000000202421318680000000002000000                                                                  
51000000313148046650000000002000000                                                                  
51000000328352959520000000002000000                                                                  
51000000329340909060000000002000000                                                                  
51000000202701549060000000002000000                                                                  
51000000329297483530000000002000000                                                                  
51000000334601021070000000002000000                                                                  
51000000306631520930000000002000000                                                                  
51000000113341513690000000002000000                                                                  
51000000344353219610000000002000000                                                                  
51000000113341384840000000002000000                                                                  
51000000341322262990000000002000000                                                                  
51000000113341601020000000002000000                                                                  
51000000322553257710000000002000000                                                                  
51000000343282494090000000002000000                                                                  
51000000107966028010000000002000000                                                                  
51000000343354776730000000002000000                                                                  
51000000332382010670000000002000000                                                                  
51000000115718799180000000002000000                                                                  
51000000113021778490000000002000000                                                                  
51000000106162269700000000002000000                                                                  
51000000106769492390000000002000000                                                                  
51000000202018524260000000002000000                                                                  
51000000322619380100000000002000000                                                                  
51000000305959568820000000002000000                                                                  
51000000201455763210000000002000000                                                                  
51000000330419902110000000002000000                                                                  
51000000309822144120000000002000000                                                                  
51000000314135562540000000002000000                                                                  
51000000201454467560000000002000000                                                                  
51000000109044480660000000002000000                                                                  
51000000329086678520000000002000000                                                                  
51000000328657949990000000002000000                                                                  
51000000342378299370000000002000000                                                                  
51000000306825163990000000002000000                                                                  
51000000343708494370000000002000000                                                                  
51000000201423601440000000002000000                                                                  
51000000347314821390000000002000000                                                                  
51000000340559908180000000002000000                                                                  
51000000343860017280000000002000000                                                                  
51000000341333075530000000002000000                                                                  
51000000115054137080000000002000000                                                                  
51000000306530440000000000002000000                                                                  
51000000106769421650000000002000000                                                                  
51000000331225672170000000002000000                                                                  
51000000322405276820000000002000000                                                                  
51000000325428099260000000002000000                                                                  
51000000321964758250000000002000000                                                                  
51000000347399026220000000002000000                                                                  
51000000322417608110000000002000000                                                                  
51000000321959627730000000002000000                                                                  
51000000110621529610000000002000000                                                                  
51000000309033639210000000002000000                                                                  
51000000011900057580000000002000000                                                                  
51000000347352449730000000002000000                                                                  
51000000322416717610000000002000000                                                                  
51000000325396795530000000002000000                                                                  
51000000310294322800000000002000000                                                                  
51000000314936089690000000002000000                                                                  
51000000322502574750000000002000000                                                                  
51000000106641718290000000002000000                                                                  
