01000000307461229500000000002904200                                                                  
01000000113178601500000000008910000                                                                  
01000000113178586070000000003346000                                                                  
01000000113987990180000000001380000                                                                  
01000000319234672390000000004612300                                                                  
01000000310163589800000000000430000                                                                  
01000000116394951670000000003300000                                                                  
01000000112139557090000000007646400                                                                  
01000000112139063080000000003973900                                                                  
01000000111523187780000000002420000                                                                  
01000000112139215430000000004800000                                                                  
01000000116394882960000000002340000                                                                  
01000000116394894040000000005200000                                                                  
01000000111523189500000000003352400                                                                  
01000000112139675550000000001911100                                                                  
01000000111525388950000000004000000                                                                  
01000000200414950420000000004200000                                                                  
01000000111523343360000000006727600                                                                  
01000000116395003930000000009396000                                                                  
01000000113987818280000000004594600                                                                  
01000000111523189050000000023178300                                                                  
01000000304305821770000000001350600                                                                  
01000000109252851630000000005505800                                                                  
01000000201848336020000000005859800                                                                  
01000000111525429930000000004106200                                                                  
01000000303317120990000000000879600                                                                  
01000000113619108360000000006993100                                                                  
01000000309961520710000000001040000                                                                  
01000000304078626960000000003060000                                                                  
01000000116394871670000000005000000                                                                  
01000000111523435340000000000670000                                                                  
01000000306224128350000000001800000                                                                  
01000000116394512540000000003600000                                                                  
01000000113618933760000000008620700                                                                  
01000000112139487920000000004030200                                                                  
01000000109254335210000000002774400                                                                  
01000000116358732570000000009277600                                                                  
01000000112139600710000000002600000                                                                  
51000000338814547410000000175790800                                                                  
