01000000349763958140000000062503500                                                                  
01000000349594972590000000001000000                                                                  
01000000106042423390000000000324900                                                                  
01000000106042120080000000001150000                                                                  
01000000110697681870000000002000000                                                                  
01000000106043029670000000000130000                                                                  
01000000306145382010000000000151500                                                                  
01000000306145382010000000000151500                                                                  
01000000115191771060000000000157500                                                                  
01000000106042553040000000000157500                                                                  
01000000109057392560000000049998000                                                                  
51000000349974545720000000117724400                                                                  
