01000000303456458200000000000900900                                                                  
01000000303425807150000000000774700                                                                  
01000000303421394850000000000771000                                                                  
01000000303468020990000000001542000                                                                  
01000000303572351610000000000386500                                                                  
01000000303425306610000000000911400                                                                  
01000000303436693540000000000762800                                                                  
01000000300649205990000000000382500                                                                  
01000000303410080440000000001525600                                                                  
01000000305660972220000000001542000                                                                  
01000000303438938850000000000948700                                                                  
01000000303626487300000000000874300                                                                  
01000000303472555990000000000911400                                                                  
01000000303518853760000000000382500                                                                  
01000000303458593760000000000391200                                                                  
01000000303472599900000000000762800                                                                  
01000000303449443210000000000762800                                                                  
01000000113731568370000000001525600                                                                  
01000000303870938980000000000771000                                                                  
01000000303465496800000000000948700                                                                  
01000000303451078130000000000762800                                                                  
01000000303546990350000000000762800                                                                  
01000000303398928550000000000945500                                                                  
01000000303537349910000000000762800                                                                  
01000000303448377050000000000839100                                                                  
01000000303496810030000000000765300                                                                  
01000000303461782160000000000735600                                                                  
01000000303552428630000000001525600                                                                  
01000000303414390370000000000735600                                                                  
01000000114750047410000000000735600                                                                  
01000000303538558260000000000878900                                                                  
01000000303680500850000000000762800                                                                  
01000000303438149050000000001748600                                                                  
01000000105351764830000000000735600                                                                  
01000000303471872200000000000821200                                                                  
01000000303461547380000000000765000                                                                  
01000000303391861910000000000823400                                                                  
01000000303416427540000000000890100                                                                  
01000000116221674520000000000735600                                                                  
01000000116133983900000000000934400                                                                  
01000000112473871880000000001034200                                                                  
01000000303421174510000000001070700                                                                  
01000000303472473840000000002141400                                                                  
01000000303443312780000000000735600                                                                  
01000000112657038730000000000714400                                                                  
01000000303641756000000000000735600                                                                  
01000000303432756870000000001055300                                                                  
01000000303444609850000000000735600                                                                  
01000000303468048790000000000735600                                                                  
01000000303498675100000000001471200                                                                  
01000000303438263200000000001078500                                                                  
01000000303421793600000000000735600                                                                  
01000000303423069460000000000735600                                                                  
01000000115363897770000000001471200                                                                  
01000000303425861160000000000735600                                                                  
01000000303467932420000000000899600                                                                  
01000000101453091890000000000735600                                                                  
01000000303458583950000000000762800                                                                  
01000000303649691370000000000735600                                                                  
01000000328415042540000000000738400                                                                  
01000000107309685340000000000738400                                                                  
01000000303472373640000000000843100                                                                  
01000000303476299630000000000369200                                                                  
01000000303470690010000000001123300                                                                  
01000000303498629420000000000735600                                                                  
01000000303506056950000000000369200                                                                  
01000000303514339070000000000735600                                                                  
01000000113261920990000000001471200                                                                  
01000000303429925150000000001471200                                                                  
01000000303406330780000000000735600                                                                  
01000000303437306580000000001525600                                                                  
01000000303803724040000000001471200                                                                  
01000000303385461240000000000369200                                                                  
01000000303507014350000000001031300                                                                  
01000000113280837910000000000735600                                                                  
01000000113873817650000000001170600                                                                  
01000000303409637650000000001138500                                                                  
01000000303658304990000000000735600                                                                  
01000000303437827330000000000762800                                                                  
01000000303629375490000000001525600                                                                  
01000000303471328150000000001115100                                                                  
01000000303422681270000000001160400                                                                  
01000000302241732720000000000738400                                                                  
01000000303425080570000000000735600                                                                  
01000000300665919130000000000369200                                                                  
01000000300382562640000000000735600                                                                  
01000000100656159590000000000762800                                                                  
01000000303408384300000000000735600                                                                  
01000000115687000620000000000735600                                                                  
01000000105351543910000000000735600                                                                  
01000000112470677460000000000369200                                                                  
01000000112473631330000000002072500                                                                  
01000000303433833420000000000735600                                                                  
01000000115687136620000000001001900                                                                  
01000000303625456650000000000735600                                                                  
01000000303450177030000000001061800                                                                  
01000000303408171360000000000735600                                                                  
01000000114751670040000000000369200                                                                  
01000000303461666180000000001471200                                                                  
01000000303430025400000000000735600                                                                  
01000000303679370000000000001076900                                                                  
01000000303604491890000000000772000                                                                  
01000000303680248940000000001471200                                                                  
01000000303643164840000000001654900                                                                  
01000000107197971640000000001471200                                                                  
01000000303642836940000000001050800                                                                  
01000000303504648340000000000369200                                                                  
01000000302144076800000000000735600                                                                  
01000000303426587850000000000735600                                                                  
01000000303414848080000000001076900                                                                  
01000000103822737840000000001471200                                                                  
01000000303466404010000000001050800                                                                  
01000000303452279930000000000735600                                                                  
01000000303425931450000000001050800                                                                  
01000000303460059010000000001050800                                                                  
01000000303398211020000000001105700                                                                  
01000000303476298940000000000735600                                                                  
01000000303421501140000000000810000                                                                  
01000000303429192050000000000735600                                                                  
01000000103822795270000000000735600                                                                  
01000000303470455140000000000785300                                                                  
01000000303421064370000000000735600                                                                  
01000000303791444380000000001471200                                                                  
01000000115742474330000000001076900                                                                  
01000000113261920770000000000735600                                                                  
01000000303467532650000000001076900                                                                  
01000000115460758820000000001105700                                                                  
01000000113873841760000000002098400                                                                  
01000000304402665460000000002048000                                                                  
01000000114751680080000000001076900                                                                  
01000000303436689410000000001076900                                                                  
01000000115220488460000000001486200                                                                  
01000000303600034730000000000735600                                                                  
01000000300667823850000000000369200                                                                  
01000000303466404010000000000463500                                                                  
01000000100898727690000000002203300                                                                  
01000000303407035700000000001135600                                                                  
01000000303434156830000000001883500                                                                  
01000000107663953230000000001755000                                                                  
01000000115093076480000000002206600                                                                  
01000000300667758320000000000369200                                                                  
01000000303421623460000000001226600                                                                  
01000000303351607440000000001140600                                                                  
01000000303454389040000000000878200                                                                  
01000000303471486660000000000735600                                                                  
01000000303476299630000000001135600                                                                  
01000000113732491000000000001135600                                                                  
01000000303496810030000000000369200                                                                  
01000000115742495540000000002074400                                                                  
01000000303465323820000000001471200                                                                  
01000000115460609000000000001169700                                                                  
01000000303425170840000000001471200                                                                  
01000000303417024970000000000735600                                                                  
01000000107664081290000000000369200                                                                  
01000000116133983900000000000530000                                                                  
01000000303450652470000000000745900                                                                  
01000000114751689160000000001127200                                                                  
01000000303474407510000000001140600                                                                  
01000000114750078000000000001140600                                                                  
01000000322785414350000000000369200                                                                  
01000000303512762830000000000735600                                                                  
01000000112471054010000000000987800                                                                  
01000000303493799520000000001471200                                                                  
01000000303618583960000000000735600                                                                  
01000000303426287610000000000843100                                                                  
01000000303407006700000000000735600                                                                  
01000000303433309780000000000735600                                                                  
01000000110906577290000000000968200                                                                  
01000000303737302670000000001471200                                                                  
01000000110032604430000000001105900                                                                  
01000000303854175910000000000955100                                                                  
01000000303422690840000000000735600                                                                  
01000000303449395700000000000874900                                                                  
01000000115796771750000000001057600                                                                  
01000000115332176980000000001113200                                                                  
01000000303451150080000000000735600                                                                  
01000000303445107670000000002126300                                                                  
01000000303471328150000000000530000                                                                  
01000000303432420170000000001471200                                                                  
01000000115382275110000000000735600                                                                  
01000000303434056180000000000369200                                                                  
01000000302281270840000000001064900                                                                  
01000000303416232190000000000743100                                                                  
01000000105351390210000000000907000                                                                  
01000000302979712970000000000983300                                                                  
01000000115683614600000000001087800                                                                  
01000000301210237550000000000802600                                                                  
01000000303349843770000000001471200                                                                  
01000000105351409900000000001096500                                                                  
01000000113732179730000000002174000                                                                  
01000000303428678890000000000735600                                                                  
01000000303514444110000000000673100                                                                  
01000000114891968890000000001245200                                                                  
01000000302331918140000000002822000                                                                  
01000000304286834090000000000844000                                                                  
01000000305045199850000000001275800                                                                  
01000000303453735240000000001245200                                                                  
01000000305530736010000000000745900                                                                  
01000000114750202970000000001245200                                                                  
01000000304555986440000000000735600                                                                  
01000000306401579820000000000735600                                                                  
01000000304101090110000000001180800                                                                  
01000000305549408140000000000735600                                                                  
01000000306865119650000000000735600                                                                  
01000000302832247410000000002428600                                                                  
01000000307386160190000000001245200                                                                  
01000000115363689280000000002188500                                                                  
01000000309214480560000000000735600                                                                  
01000000309385095540000000000735600                                                                  
01000000113067811340000000001210700                                                                  
01000000309841316990000000000822800                                                                  
01000000310370780550000000000735600                                                                  
01000000114751680080000000000463500                                                                  
01000000311351710970000000000735600                                                                  
01000000110906801240000000000921900                                                                  
01000000112471147220000000001178500                                                                  
01000000313992741820000000000706500                                                                  
01000000314331926090000000000706500                                                                  
01000000113732092790000000000735600                                                                  
01000000316877976600000000000355000                                                                  
01000000316002512370000000002365700                                                                  
01000000317396375750000000000823100                                                                  
01000000316608204760000000000743100                                                                  
01000000316237354160000000000706500                                                                  
01000000200151120520000000003011500                                                                  
01000000319712516190000000000706500                                                                  
01000000321924437510000000000706500                                                                  
01000000116222223580000000002077200                                                                  
01000000322820336380000000000706500                                                                  
01000000115423520350000000000763300                                                                  
01000000303679370000000000000480600                                                                  
01000000303414848080000000000463500                                                                  
01000000326643446430000000000735600                                                                  
01000000330760581640000000001235200                                                                  
01000000107663887130000000000743100                                                                  
01000000330214989720000000001728600                                                                  
01000000300354499180000000001819100                                                                  
01000000317129664750000000000735600                                                                  
01000000336893987620000000000762600                                                                  
01000000329655013330000000000735600                                                                  
01000000336732864330000000001471200                                                                  
01000000336706898640000000000742600                                                                  
01000000338615971480000000000735600                                                                  
01000000110032603740000000001388700                                                                  
01000000345720674490000000000735600                                                                  
01000000201300873590000000001326600                                                                  
51000000309271209360000000245565700                                                                  
