51000000730980137850000000004000000                                                                  
51000000730980135590000000004000000                                                                  
51000000730801303180000000003750000                                                                  
51000000730801305230000000003750000                                                                  
51000000730790715470000000003000000                                                                  
51000000730730094610000000003750000                                                                  
51000000730796316920000000003750000                                                                  
51000000730701252540000000003750000                                                                  
51000000730796248010000000003750000                                                                  
51000000730730184880000000002500000                                                                  
51000000730730180460000000003750000                                                                  
51000000730795288340000000003750000                                                                  
51000000013320382700000000003750000                                                                  
51000000730730180910000000003750000                                                                  
51000000013320376400000000003750000                                                                  
51000000730730093580000000003750000                                                                  
51000000730744225270000000003000000                                                                  
51000000730678707030000000003000000                                                                  
51000000730783174050000000003000000                                                                  
51000000010251036580000000003000000                                                                  
51000000730739483230000000003000000                                                                  
51000000730747017680000000003000000                                                                  
51000000730740831500000000003000000                                                                  
51000000730777189740000000003000000                                                                  
51000000730035847060000000003000000                                                                  
51000000730730849720000000003000000                                                                  
51000000730190130080000000003000000                                                                  
51000000730816244880000000003000000                                                                  
51000000730586137680000000007500000                                                                  
51000000730569362140000000003000000                                                                  
51000000730599230420000000003000000                                                                  
51000000730599229570000000003000000                                                                  
51000000730569363720000000003000000                                                                  
51000000326723057380000000003000000                                                                  
51000000328839980490000000003000000                                                                  
51000000338144581900000000003000000                                                                  
51000000338084604670000000003000000                                                                  
51000000338193837490000000003000000                                                                  
51000000348260808830000000005000000                                                                  
51000000348260380030000000003000000                                                                  
51000000348260608220000000002500000                                                                  
51000000338089609660000000003000000                                                                  
51000000328260101780000000005000000                                                                  
51000000327742883530000000003000000                                                                  
51000000300480092110000000003000000                                                                  
51000000327766906280000000003000000                                                                  
51000000327745143500000000003000000                                                                  
51000000300616298640000000003000000                                                                  
51000000329939450140000000003000000                                                                  
51000000334925345500000000002500000                                                                  
51000000325787893840000000003000000                                                                  
51000000344385179620000000002500000                                                                  
51000000332523471120000000003000000                                                                  
51000000319740328190000000003000000                                                                  
51000000335739815420000000003000000                                                                  
51000000337058627100000000002500000                                                                  
51000000337453431740000000003000000                                                                  
51000000338638124640000000003000000                                                                  
51000000347035391780000000003000000                                                                  
51000000345675268210000000003000000                                                                  
51000000337523966590000000003000000                                                                  
51000000347016630510000000003000000                                                                  
51000000311298097210000000003000000                                                                  
51000000115826686210000000005000000                                                                  
51000000310899823800000000003000000                                                                  
51000000310758963720000000003000000                                                                  
51000000316289487920000000002750000                                                                  
51000000115826545060000000007500000                                                                  
51000000303870412610000000010000000                                                                  
51000000336842875360000000002500000                                                                  
51000000336835975150000000003000000                                                                  
51000000336889696140000000003000000                                                                  
51000000336835969300000000003000000                                                                  
51000000336835971400000000003000000                                                                  
51000000336835974350000000002500000                                                                  
51000000336835967580000000003000000                                                                  
51000000336835966670000000003000000                                                                  
51000000336835965880000000003000000                                                                  
51000000336835973550000000003000000                                                                  
51000000336835970480000000003000000                                                                  
51000000336835968160000000003000000                                                                  
51000000336855202090000000002500000                                                                  
51000000336855189160000000003000000                                                                  
51000000319495428760000000003000000                                                                  
51000000332319782550000000003000000                                                                  
51000000320534801800000000003000000                                                                  
51000000347995366960000000003000000                                                                  
51000000347923710940000000003000000                                                                  
51000000319761256560000000003000000                                                                  
51000000347937004720000000003000000                                                                  
51000000347929533450000000003000000                                                                  
51000000308877188810000000003000000                                                                  
51000000347995348260000000003000000                                                                  
51000000200485868730000000005000000                                                                  
51000000311648268140000000003000000                                                                  
51000000302127156080000000003000000                                                                  
51000000316623961570000000003000000                                                                  
51000000320169360460000000003000000                                                                  
51000000308405061970000000003000000                                                                  
51000000338574430910000000003000000                                                                  
51000000318978681570000000003000000                                                                  
51000000347815221300000000003000000                                                                  
51000000312081545360000000003000000                                                                  
51000000115375443480000000003000000                                                                  
51000000347789885040000000003000000                                                                  
51000000347817804080000000003000000                                                                  
51000000337051086810000000003000000                                                                  
51000000303014877480000000003000000                                                                  
51000000308872172280000000003000000                                                                  
51000000307732646530000000003000000                                                                  
51000000347856582600000000003000000                                                                  
51000000318931733620000000003000000                                                                  
51000000324729939010000000002500000                                                                  
51000000335212034040000000003000000                                                                  
51000000320393778620000000003000000                                                                  
51000000334148552380000000005000000                                                                  
51000000115335434730000000002500000                                                                  
51000000201915575750000000003000000                                                                  
51000000201915575530000000003000000                                                                  
51000000201915575640000000003000000                                                                  
51000000307679147810000000003000000                                                                  
51000000337193810090000000003000000                                                                  
51000000306203327330000000002500000                                                                  
51000000336579456230000000003000000                                                                  
51000000315579235930000000003000000                                                                  
51000000305983053050000000003000000                                                                  
51000000338912200620000000003000000                                                                  
51000000339750058790000000003000000                                                                  
51000000314464370890000000003000000                                                                  
51000000337501949490000000003000000                                                                  
51000000325940999460000000003000000                                                                  
51000000336693680270000000003000000                                                                  
51000000330936229390000000002500000                                                                  
51000000337024133600000000003000000                                                                  
51000000329035896490000000002500000                                                                  
51000000315570211190000000003000000                                                                  
51000000338512189580000000003000000                                                                  
51000000315347942230000000003000000                                                                  
51000000330335827790000000003000000                                                                  
51000000309271713570000000003000000                                                                  
51000000315570341170000000003000000                                                                  
51000000314770596980000000003000000                                                                  
51000000308236673410000000003000000                                                                  
51000000348150861290000000005000000                                                                  
51000000326133589740000000005000000                                                                  
51000000335223721760000000003750000                                                                  
51000000346238707810000000003000000                                                                  
51000000328866004670000000003000000                                                                  
51000000326983821130000000003000000                                                                  
51000000347891403680000000003000000                                                                  
51000000318430582360000000003000000                                                                  
51000000326190694750000000003000000                                                                  
51000000316482778300000000003000000                                                                  
51000000111461666390000000002500000                                                                  
51000000111462633830000000003000000                                                                  
51000000347740213700000000002500000                                                                  
51000000302970740370000000003000000                                                                  
51000000315126492160000000003000000                                                                  
51000000330694719210000000003000000                                                                  
51000000321368938650000000003000000                                                                  
51000000113720165060000000003000000                                                                  
51000000313129294270000000003000000                                                                  
51000000311468877110000000003000000                                                                  
51000000315640108570000000003000000                                                                  
51000000326301566910000000003000000                                                                  
51000000336194544500000000003000000                                                                  
51000000302362680710000000003750000                                                                  
51000000330766982520000000003500000                                                                  
51000000112691966080000000003000000                                                                  
51000000324953262480000000003000000                                                                  
51000000330645166180000000003000000                                                                  
51000000337321053050000000003000000                                                                  
51000000310635820640000000002500000                                                                  
51000000334177584790000000003000000                                                                  
51000000331315153260000000003000000                                                                  
51000000200080942210000000003000000                                                                  
51000000347311961580000000003000000                                                                  
51000000338617095240000000003000000                                                                  
51000000321766525510000000003000000                                                                  
510000003.39222E+130000000002750000                                                                  
51000000335074708180000000001500000                                                                  
51000000334390809490000000003000000                                                                  
51000000334390551410000000002500000                                                                  
51000000347393278550000000005000000                                                                  
51000000334390539600000000003000000                                                                  
