51000000730925083880000000006000000                                                                  
51000000730984378520000000006000000                                                                  
51000000731019891440000000006000000                                                                  
51000000730986255070000000006000000                                                                  
51000000730989092810000000006000000                                                                  
51000000730999618310000000006000000                                                                  
51000000730990154980000000003600000                                                                  
51000000730984240600000000006000000                                                                  
51000000730984496420000000006000000                                                                  
51000000731011008720000000006000000                                                                  
51000000730984419500000000010000000                                                                  
51000000730984204850000000010000000                                                                  
51000000730984668940000000010000000                                                                  
51000000730986265660000000006000000                                                                  
51000000730989037440000000006000000                                                                  
51000000730984453320000000006000000                                                                  
51000000730989565270000000010000000                                                                  
51000000730989410220000000009000000                                                                  
51000000730983774590000000006000000                                                                  
51000000730991756550000000006000000                                                                  
51000000730986246590000000010000000                                                                  
51000000731011391180000000006000000                                                                  
51000000731014473400000000010000000                                                                  
51000000731014449280000000006000000                                                                  
51000000731015368850000000008400000                                                                  
51000000731015782920000000010000000                                                                  
51000000731015363310000000008400000                                                                  
51000000731014590590000000010000000                                                                  
51000000731017953080000000010000000                                                                  
51000000731015791040000000006000000                                                                  
51000000731014443610000000008400000                                                                  
51000000731014467980000000006000000                                                                  
51000000730663657030000000006000000                                                                  
51000000202041207370000000006000000                                                                  
51000000341401994550000000006000000                                                                  
51000000308274716260000000006000000                                                                  
51000000326146058630000000006000000                                                                  
51000000321399010460000000010000000                                                                  
51000000325036356470000000006000000                                                                  
51000000115990828650000000006000000                                                                  
51000000202041207480000000006000000                                                                  
51000000329676366080000000006000000                                                                  
51000000327376250430000000008400000                                                                  
51000000318910541980000000008400000                                                                  
51000000344205986230000000006000000                                                                  
51000000347291561530000000006000000                                                                  
51000000347374197720000000010000000                                                                  
51000000321264266100000000008400000                                                                  
51000000344595671020000000006000000                                                                  
51000000305865218850000000004800000                                                                  
51000000314695699050000000006000000                                                                  
51000000308945075640000000008400000                                                                  
51000000307681426650000000006000000                                                                  
51000000313541770770000000010000000                                                                  
51000000319986911270000000010000000                                                                  
51000000316620731910000000006000000                                                                  
51000000317959618650000000006000000                                                                  
51000000117048451540000000006000000                                                                  
51000000347787394760000000010000000                                                                  
51000000347787361350000000006000000                                                                  
51000000347821873710000000006000000                                                                  
51000000117049830130000000006000000                                                                  
51000000117049725450000000006000000                                                                  
51000000347787424570000000003000000                                                                  
51000000347792600410000000006000000                                                                  
51000000347787248230000000006000000                                                                  
51000000347792601540000000006000000                                                                  
51000000347787411020000000006000000                                                                  
51000000347778394490000000010000000                                                                  
51000000347792600520000000004800000                                                                  
51000000347778384020000000006000000                                                                  
51000000347821780590000000006000000                                                                  
51000000347792095170000000008400000                                                                  
51000000347821789010000000010000000                                                                  
51000000347787350290000000003000000                                                                  
51000000347821764260000000006000000                                                                  
51000000347792601430000000006000000                                                                  
51000000347787338040000000006000000                                                                  
51000000347821830920000000006000000                                                                  
