51000000730768831990000000003000000                                                                  
51000000730790748760000000003000000                                                                  
51000000730749030720000000003000000                                                                  
51000000730749030830000000003000000                                                                  
51000000730809876560000000003000000                                                                  
51000000730732971200000000003000000                                                                  
51000000730790748090000000005000000                                                                  
51000000730790748430000000003500000                                                                  
51000000071023610840000000005000000                                                                  
51000000731023618560000000003750000                                                                  
51000000730749031290000000003000000                                                                  
51000000730721677360000000003750000                                                                  
51000000730797623860000000005000000                                                                  
51000000730795011070000000003000000                                                                  
51000000730793971620000000003000000                                                                  
51000000730759008420000000002500000                                                                  
51000000731009217310000000003000000                                                                  
51000000731009216400000000003000000                                                                  
51000000731009206460000000003000000                                                                  
51000000731009207590000000003000000                                                                  
51000000731009216060000000003000000                                                                  
51000000731009216840000000003000000                                                                  
51000000731009208280000000003000000                                                                  
51000000730762360720000000002000000                                                                  
51000000730766418970000000002500000                                                                  
51000000730812178470000000003000000                                                                  
51000000731020051610000000003000000                                                                  
51000000731015542600000000002500000                                                                  
51000000731007022210000000003000000                                                                  
51000000730784221920000000002500000                                                                  
51000000010022850990000000002500000                                                                  
51000000730680693480000000002500000                                                                  
51000000730768783720000000002500000                                                                  
51000000010022851130000000002500000                                                                  
51000000010022760050000000002500000                                                                  
51000000731015355650000000003000000                                                                  
51000000731015354010000000003000000                                                                  
51000000731015351340000000003000000                                                                  
51000000731015353160000000003000000                                                                  
51000000731015346060000000003000000                                                                  
51000000731015347530000000003000000                                                                  
51000000731015350540000000003000000                                                                  
51000000730501289280000000003000000                                                                  
51000000012130504860000000003000000                                                                  
51000000730562972000000000003000000                                                                  
51000000730799562570000000005000000                                                                  
51000000730785854190000000003000000                                                                  
51000000730785853510000000003000000                                                                  
51000000730799814770000000002500000                                                                  
51000000730767654710000000003000000                                                                  
51000000730767424320000000002500000                                                                  
51000000730768349240000000003000000                                                                  
51000000730768346620000000002500000                                                                  
51000000730749294990000000002500000                                                                  
51000000730549379570000000002500000                                                                  
51000000730190283110000000002500000                                                                  
51000000730748565650000000002500000                                                                  
51000000730816451030000000002500000                                                                  
51000000730816296010000000003000000                                                                  
51000000730816295660000000003000000                                                                  
51000000730816450230000000002500000                                                                  
51000000730816514390000000002000000                                                                  
51000000730998667000000000005000000                                                                  
51000000730816452830000000002000000                                                                  
51000000730816450780000000002500000                                                                  
51000000730816452270000000002500000                                                                  
51000000730816453180000000003000000                                                                  
51000000730816515250000000003000000                                                                  
51000000730816538940000000002000000                                                                  
51000000730816451470000000003000000                                                                  
51000000730816451700000000003000000                                                                  
51000000730816256410000000003000000                                                                  
51000000730652172790000000002500000                                                                  
51000000730816304240000000002000000                                                                  
51000000730816296120000000002500000                                                                  
51000000731015908320000000003000000                                                                  
51000000731017294030000000005000000                                                                  
51000000730768068720000000002500000                                                                  
51000000730472002980000000003000000                                                                  
51000000750315342180000000003000000                                                                  
51000000730794744010000000005000000                                                                  
51000000730790787570000000005000000                                                                  
51000000730764797070000000003000000                                                                  
51000000730764169740000000005000000                                                                  
51000000730569523390000000003000000                                                                  
51000000731003664030000000003000000                                                                  
51000000010064672780000000003000000                                                                  
51000000730737870230000000003000000                                                                  
51000000730736669720000000002500000                                                                  
51000000730227366120000000002000000                                                                  
51000000731003662090000000003000000                                                                  
51000000730426340160000000003000000                                                                  
51000000731003699030000000003000000                                                                  
51000000731009429340000000002500000                                                                  
51000000730743949830000000003000000                                                                  
51000000730736671710000000003000000                                                                  
51000000731003665380000000003000000                                                                  
51000000730614429910000000002500000                                                                  
51000000731003666620000000003000000                                                                  
51000000730608523060000000002500000                                                                  
51000000730588491260000000003000000                                                                  
51000000730759450350000000003000000                                                                  
51000000730644976520000000002500000                                                                  
51000000730569394190000000003000000                                                                  
51000000730606529640000000002500000                                                                  
51000000073101021780000000003000000                                                                  
51000000731009187290000000003000000                                                                  
51000000731009218660000000002000000                                                                  
51000000731009187850000000002000000                                                                  
51000000731009186940000000010000000                                                                  
51000000731009183110000000003000000                                                                  
51000000731009887310000000003000000                                                                  
51000000731009187630000000003000000                                                                  
51000000731008445290000000005000000                                                                  
51000000731009193140000000002000000                                                                  
51000000731009190070000000002000000                                                                  
51000000731008446200000000003000000                                                                  
51000000731009186380000000010000000                                                                  
51000000010062788710000000003000000                                                                  
51000000730979202620000000003000000                                                                  
51000000730760323850000000003000000                                                                  
51000000730760324540000000003000000                                                                  
51000000730649077500000000003000000                                                                  
51000000730744189520000000003000000                                                                  
51000000730741033380000000003000000                                                                  
51000000730441771460000000003000000                                                                  
51000000730600354290000000003000000                                                                  
51000000730594675110000000003000000                                                                  
51000000730594442760000000003000000                                                                  
51000000730701239930000000003000000                                                                  
51000000730476554850000000003000000                                                                  
51000000730438746360000000003000000                                                                  
51000000730594675770000000003000000                                                                  
51000000730575314110000000003000000                                                                  
51000000730759009000000000003000000                                                                  
51000000730589285310000000003000000                                                                  
51000000010038502430000000003000000                                                                  
51000000730649094180000000003000000                                                                  
51000000730784797050000000005000000                                                                  
51000000730784809820000000003000000                                                                  
51000000730784797380000000005000000                                                                  
51000000730509930300000000002000000                                                                  
51000000730561134730000000003000000                                                                  
51000000730214154100000000003000000                                                                  
51000000731009705070000000002000000                                                                  
51000000730604490990000000003000000                                                                  
51000000730734839990000000002500000                                                                  
51000000730806809080000000005000000                                                                  
51000000731000817340000000003000000                                                                  
51000000730730732660000000003000000                                                                  
51000000730768491810000000003000000                                                                  
51000000730766346850000000003000000                                                                  
51000000730728390960000000003000000                                                                  
51000000730728422260000000003000000                                                                  
51000000730769489090000000002500000                                                                  
51000000730728417540000000003000000                                                                  
51000000731018055450000000003000000                                                                  
51000000010090180690000000003000000                                                                  
51000000730778208520000000003000000                                                                  
51000000730779207090000000003000000                                                                  
51000000730748899650000000009500000                                                                  
51000000730783245580000000005000000                                                                  
51000000730602594620000000005000000                                                                  
51000000730611087730000000009750000                                                                  
51000000010251032950000000007000000                                                                  
51000000730759605180000000003000000                                                                  
51000000730759135020000000005000000                                                                  
51000000730518898360000000002000000                                                                  
51000000730783690110000000008000000                                                                  
51000000730770011620000000005000000                                                                  
51000000730764371440000000003000000                                                                  
51000000730622107080000000003000000                                                                  
51000000730057653940000000003000000                                                                  
51000000730063796240000000003000000                                                                  
51000000731006377370000000003000000                                                                  
51000000730767526320000000003000000                                                                  
51000000730767528030000000003000000                                                                  
51000000730565721750000000003000000                                                                  
51000000731010589760000000005000000                                                                  
51000000730786862680000000003000000                                                                  
51000000731026178230000000003000000                                                                  
51000000730773269080000000003000000                                                                  
51000000730771651000000000003000000                                                                  
51000000730772164640000000005000000                                                                  
51000000731020441340000000003000000                                                                  
51000000731020442470000000003000000                                                                  
51000000731020436620000000003000000                                                                  
51000000731020438220000000003000000                                                                  
51000000731020432650000000003000000                                                                  
51000000731020438880000000003000000                                                                  
51000000731020440100000000002500000                                                                  
51000000731027705520000000003000000                                                                  
51000000731020430380000000002500000                                                                  
51000000201662103410000000007500000                                                                  
51000000330829738090000000002500000                                                                  
51000000115362719700000000003000000                                                                  
51000000201662138300000000005000000                                                                  
51000000201662105900000000002000000                                                                  
51000000201662133190000000003000000                                                                  
51000000311878362130000000003000000                                                                  
51000000201662139430000000003000000                                                                  
51000000201662128600000000003000000                                                                  
51000000304538281170000000003000000                                                                  
51000000317682363970000000003000000                                                                  
51000000202053737760000000005000000                                                                  
51000000329034117580000000002000000                                                                  
51000000338738796500000000003000000                                                                  
51000000304683674750000000003000000                                                                  
51000000324214874640000000003000000                                                                  
51000000311061311380000000005000000                                                                  
51000000314234993490000000005000000                                                                  
51000000320251154170000000005000000                                                                  
51000000347400372310000000009000000                                                                  
51000000316744099580000000003000000                                                                  
51000000201451521760000000003000000                                                                  
51000000317607841470000000002500000                                                                  
51000000319559189670000000003000000                                                                  
51000000322810113000000000003000000                                                                  
51000000311953213510000000006500000                                                                  
51000000314994485010000000005000000                                                                  
51000000201816226280000000003000000                                                                  
51000000327977186740000000004000000                                                                  
51000000335247183420000000005000000                                                                  
51000000311321584890000000005000000                                                                  
51000000328011756220000000003500000                                                                  
51000000325043531840000000005000000                                                                  
51000000335173685430000000005000000                                                                  
51000000321632080080000000003000000                                                                  
51000000330613452690000000005000000                                                                  
51000000335408598690000000003000000                                                                  
51000000339016401590000000003000000                                                                  
51000000348189139200000000003000000                                                                  
51000000114552200850000000003000000                                                                  
51000000334458572500000000003000000                                                                  
51000000200312032780000000003000000                                                                  
51000000312966428140000000003000000                                                                  
51000000308637822760000000003000000                                                                  
51000000314633261630000000003000000                                                                  
51000000106157403750000000005000000                                                                  
51000000348436523650000000005000000                                                                  
51000000348435412780000000005000000                                                                  
51000000348435428390000000005000000                                                                  
51000000348438462470000000003000000                                                                  
51000000348436529550000000005000000                                                                  
51000000348435423290000000005000000                                                                  
51000000348241391270000000010000000                                                                  
51000000348012950820000000010000000                                                                  
51000000316838287310000000003000000                                                                  
51000000326400929730000000003000000                                                                  
51000000201995807090000000005000000                                                                  
51000000320284343500000000002000000                                                                  
51000000202008231320000000010000000                                                                  
51000000336242571600000000003000000                                                                  
51000000347861075940000000003000000                                                                  
51000000310644261720000000003000000                                                                  
51000000310099333910000000003000000                                                                  
51000000312906336540000000005000000                                                                  
51000000201838882350000000002500000                                                                  
51000000310388549930000000003000000                                                                  
51000000115954438390000000002500000                                                                  
51000000329747947790000000003000000                                                                  
51000000306169777340000000003000000                                                                  
51000000115954472000000000003000000                                                                  
51000000330623579320000000002500000                                                                  
51000000115954620680000000003000000                                                                  
51000000311386286540000000003000000                                                                  
51000000200864589500000000003000000                                                                  
51000000320176597070000000003000000                                                                  
51000000301731734650000000003000000                                                                  
51000000115953988950000000003000000                                                                  
51000000322819407950000000002500000                                                                  
51000000201584612140000000003000000                                                                  
51000000329267886160000000003000000                                                                  
51000000337371113700000000005000000                                                                  
51000000116136046540000000005000000                                                                  
51000000335170409750000000003000000                                                                  
51000000200862126090000000005000000                                                                  
51000000116446973590000000003000000                                                                  
51000000308170125740000000003000000                                                                  
51000000116447085000000000003000000                                                                  
51000000116447037480000000003000000                                                                  
51000000116446696600000000003000000                                                                  
51000000303690642790000000008400000                                                                  
51000000303851596610000000010000000                                                                  
51000000201566233590000000005000000                                                                  
51000000325058694030000000003000000                                                                  
51000000201756239470000000003000000                                                                  
51000000308149753010000000003000000                                                                  
51000000115510391540000000003000000                                                                  
51000000331063185550000000003000000                                                                  
51000000308009658850000000003000000                                                                  
51000000200279075430000000003000000                                                                  
51000000320390282210000000003000000                                                                  
51000000307961941100000000003000000                                                                  
51000000308147042270000000003000000                                                                  
51000000115510378830000000003000000                                                                  
51000000307010787280000000003000000                                                                  
51000000115510197280000000003000000                                                                  
51000000315925589680000000003000000                                                                  
51000000318735859940000000003000000                                                                  
51000000335148824840000000003000000                                                                  
51000000324612768180000000003000000                                                                  
51000000303736518180000000002500000                                                                  
51000000335653517020000000003000000                                                                  
51000000309481471590000000002500000                                                                  
51000000322173870420000000003000000                                                                  
51000000331821511620000000003000000                                                                  
51000000317027721960000000002500000                                                                  
51000000336165149570000000002500000                                                                  
51000000336188577990000000003000000                                                                  
51000000336423858040000000003000000                                                                  
51000000319254400770000000003000000                                                                  
51000000336275719120000000002500000                                                                  
51000000200733271480000000002500000                                                                  
51000000330976523250000000003000000                                                                  
51000000330833095290000000003000000                                                                  
51000000328498569790000000002500000                                                                  
51000000317831442030000000002500000                                                                  
51000000336077215000000000002500000                                                                  
51000000114995950540000000003000000                                                                  
51000000114995950320000000003000000                                                                  
51000000310062510060000000003000000                                                                  
51000000114995926090000000003000000                                                                  
51000000315965310000000000003000000                                                                  
51000000327544479970000000003000000                                                                  
51000000202189304520000000003750000                                                                  
51000000201906679410000000005000000                                                                  
51000000310851131190000000002500000                                                                  
51000000337119551320000000005000000                                                                  
51000000330722561710000000003000000                                                                  
51000000330623277580000000003000000                                                                  
51000000115651011640000000005000000                                                                  
51000000319815498050000000003000000                                                                  
51000000324169834790000000003000000                                                                  
51000000324818376890000000005000000                                                                  
51000000334775399210000000003000000                                                                  
51000000334742901940000000003000000                                                                  
51000000319682112300000000005000000                                                                  
51000000115650978150000000003000000                                                                  
51000000310428724620000000010000000                                                                  
51000000330720847770000000003000000                                                                  
51000000115650773000000000003000000                                                                  
51000000335183749300000000003000000                                                                  
51000000309383792160000000008750000                                                                  
51000000330726521190000000003000000                                                                  
51000000323795517660000000003000000                                                                  
51000000317550755910000000003000000                                                                  
51000000329219306570000000003000000                                                                  
51000000315408546380000000003000000                                                                  
51000000334807715940000000003000000                                                                  
51000000332339819920000000003000000                                                                  
51000000304795917100000000003000000                                                                  
51000000115650947340000000003000000                                                                  
51000000336258381980000000003000000                                                                  
51000000320609332780000000003000000                                                                  
51000000201284355200000000003000000                                                                  
51000000115650780860000000003000000                                                                  
51000000317563565710000000003000000                                                                  
51000000201284353600000000005000000                                                                  
51000000202041864940000000005000000                                                                  
51000000318334369040000000003000000                                                                  
51000000336358143800000000003000000                                                                  
51000000334742921810000000005000000                                                                  
51000000330814242160000000003000000                                                                  
51000000115651013570000000003000000                                                                  
51000000202041859780000000003000000                                                                  
51000000316400122680000000005000000                                                                  
51000000334807641010000000003000000                                                                  
51000000115650667170000000005000000                                                                  
51000000330578194070000000003000000                                                                  
51000000309722161150000000005000000                                                                  
51000000334646962870000000005000000                                                                  
51000000115650913580000000003000000                                                                  
51000000115650996290000000003000000                                                                  
51000000332965901100000000003000000                                                                  
51000000201284356870000000003000000                                                                  
51000000202041862120000000003000000                                                                  
51000000335284709720000000003000000                                                                  
51000000316769904630000000003000000                                                                  
51000000308376883770000000003000000                                                                  
51000000322094441600000000003000000                                                                  
51000000330105762270000000003000000                                                                  
51000000328803548120000000003000000                                                                  
51000000328014383340000000003000000                                                                  
51000000320791941900000000005000000                                                                  
51000000328594668410000000003000000                                                                  
51000000330645844190000000003000000                                                                  
51000000116780828010000000005000000                                                                  
51000000337082232370000000003000000                                                                  
51000000331057381380000000003000000                                                                  
51000000201680635060000000003000000                                                                  
51000000116780813200000000005000000                                                                  
51000000116780818180000000003000000                                                                  
51000000336220527980000000003000000                                                                  
51000000335168289890000000005000000                                                                  
51000000339942701970000000003000000                                                                  
51000000335243381000000000003000000                                                                  
51000000113288375260000000005000000                                                                  
51000000324597666230000000001500000                                                                  
51000000116219990270000000005000000                                                                  
51000000202472041530000000005000000                                                                  
51000000314296007390000000005000000                                                                  
51000000337111931590000000003000000                                                                  
51000000337336255400000000003000000                                                                  
51000000337339816870000000003000000                                                                  
51000000337340553830000000005000000                                                                  
51000000337336324220000000003000000                                                                  
51000000337336202450000000003000000                                                                  
51000000337338035570000000003000000                                                                  
51000000337339603380000000005000000                                                                  
51000000337339852630000000003000000                                                                  
51000000337338046520000000003000000                                                                  
51000000337339621430000000003000000                                                                  
51000000337338127000000000003000000                                                                  
51000000337020811500000000005000000                                                                  
51000000310578131250000000005000000                                                                  
51000000201894039920000000002500000                                                                  
51000000116394944030000000003000000                                                                  
51000000335271954740000000002000000                                                                  
51000000317074738940000000005000000                                                                  
51000000337235279960000000002500000                                                                  
51000000305856260280000000008500000                                                                  
51000000312215530900000000005000000                                                                  
51000000309017351880000000005000000                                                                  
51000000312345763850000000005000000                                                                  
51000000326540501430000000005000000                                                                  
51000000331311463120000000003000000                                                                  
51000000309253570610000000005000000                                                                  
51000000337250313060000000010000000                                                                  
51000000322743627550000000003000000                                                                  
51000000116842629110000000002500000                                                                  
51000000116842206070000000005000000                                                                  
51000000330902439860000000002000000                                                                  
51000000331154873970000000002500000                                                                  
51000000306894590470000000003000000                                                                  
51000000336437099640000000002500000                                                                  
51000000327483323260000000002500000                                                                  
51000000331067442760000000010000000                                                                  
51000000336337187780000000003000000                                                                  
51000000325348442580000000003000000                                                                  
51000000201554186250000000002000000                                                                  
51000000334430642620000000003000000                                                                  
51000000314929468850000000005000000                                                                  
51000000318241880650000000003000000                                                                  
51000000331937107530000000005000000                                                                  
51000000329254133750000000002500000                                                                  
51000000347871636480000000003000000                                                                  
51000000336906328130000000005000000                                                                  
51000000201597500130000000002000000                                                                  
51000000335192529900000000003000000                                                                  
51000000336906326310000000002000000                                                                  
51000000328192605430000000002000000                                                                  
51000000116842647250000000003000000                                                                  
51000000336906326530000000002000000                                                                  
51000000336906329260000000002000000                                                                  
51000000116842444710000000002000000                                                                  
51000000319905478950000000003000000                                                                  
51000000116842602540000000002500000                                                                  
51000000328455155030000000002000000                                                                  
51000000116842654570000000003000000                                                                  
51000000306525280370000000002000000                                                                  
51000000335647471500000000003000000                                                                  
51000000320268546160000000003000000                                                                  
51000000336906327770000000005000000                                                                  
51000000336906328570000000002000000                                                                  
51000000331752774570000000003000000                                                                  
51000000201867869760000000005000000                                                                  
51000000201867872990000000005000000                                                                  
