51000000308559178160000000117574600                                                                  
51000000323350232260000000009629600                                                                  
51000000111648654230000000116498900                                                                  
51000000113086050430000000136818800                                                                  
51000000114999745860000000087039100                                                                  
51000000111216950170000000145800200                                                                  
51000000303654846850000000068348200                                                                  
51000000345788703830000000080788600                                                                  
51000000113679316450000000039122700                                                                  
51000000114493323440000000120907100                                                                  
51000000332621177440000000001530000                                                                  
51000000110258790360000000143569100                                                                  
51000000332540494080000000004020000                                                                  
51000000111375253860000000069363700                                                                  
51000000107069192240000000098216900                                                                  
51000000112999904030000000098658700                                                                  
51000000115645870170000000104661200                                                                  
51000000112544862600000000109237700                                                                  
51000000113488462860000000144107800                                                                  
51000000305410622200000000072180000                                                                  
51000000325112349080000000014116200                                                                  
51000000113019150180000000135240900                                                                  
51000000303453893640000000012218500                                                                  
51000000112499951940000000056453800                                                                  
51000000112799700370000000132577900                                                                  
51000000115841622490000000126809800                                                                  
51000000110258790470000000152335200                                                                  
51000000113488463770000000191588700                                                                  
51000000323380257750000000007545700                                                                  
51000000112799700590000000190412700                                                                  
51000000303690206610000000020900300                                                                  
51000000202629639510000000006485600                                                                  
51000000202629639510000000000397600                                                                  
51000000202629639400000000003679000                                                                  
