01000000115455728630000000000349200                                                                  
01000000105583958620000000000735500                                                                  
01000000113137743330000000000735500                                                                  
01000000302904701170000000000735500                                                                  
01000000115247342200000000000735500                                                                  
01000000115740766440000000000763100                                                                  
01000000115157858900000000000362700                                                                  
01000000302257833900000000000362700                                                                  
01000000306527794220000000000735500                                                                  
01000000113000003500000000000892000                                                                  
01000000110397082910000000000349200                                                                  
01000000108450994700000000000386500                                                                  
01000000323660452900000000000355000                                                                  
51000000338814547410000000007497900                                                                  
