51000000115811639820000000003000000                                                                  
51000000115811639820000000003000000                                                                  
51000000115811639820000000003000000                                                                  
51000000115811639820000000003000000                                                                  
51000000115811639820000000003000000                                                                  
51000000115811639820000000003000000                                                                  
51000000115811639820000000003000000                                                                  
51000000115811639820000000003000000                                                                  
51000000115811639820000000003000000                                                                  
51000000112498078720000000006000000                                                                  
51000000112498039460000000006000000                                                                  
51000000305153889040000000006000000                                                                  
51000000112498039460000000003000000                                                                  
51000000112498077470000000003000000                                                                  
51000000112498039460000000006000000                                                                  
51000000305153889040000000003000000                                                                  
51000000112498078720000000006000000                                                                  
51000000112498039460000000006000000                                                                  
51000000112498039460000000006000000                                                                  
51000000112498039910000000006000000                                                                  
51000000112498078720000000003000000                                                                  
51000000112498039460000000006000000                                                                  
51000000112498039460000000003000000                                                                  
51000000305153889040000000003000000                                                                  
51000000305153889040000000003000000                                                                  
51000000112498039460000000003000000                                                                  
51000000112498039460000000003000000                                                                  
51000000305153889040000000006000000                                                                  
51000000112498039460000000003000000                                                                  
51000000112498039910000000006000000                                                                  
51000000112498039460000000006000000                                                                  
51000000305153889040000000003000000                                                                  
51000000112498039460000000010000000                                                                  
51000000305153889040000000006000000                                                                  
51000000112498039460000000006000000                                                                  
51000000112498039460000000003000000                                                                  
51000000112498039910000000003000000                                                                  
51000000112609250850000000006000000                                                                  
51000000112609250850000000006000000                                                                  
51000000112609250850000000006000000                                                                  
51000000112609237680000000006000000                                                                  
51000000115595818610000000003000000                                                                  
51000000115595818610000000003000000                                                                  
51000000115595818610000000003000000                                                                  
51000000115595818610000000003000000                                                                  
51000000115595818610000000003000000                                                                  
