01000000104162355410000000003899300                                                                  
01000000117122001600000000002160600                                                                  
01000000307231874830000000002229900                                                                  
01000000303589391100000000003042900                                                                  
01000000302127378360000000002143900                                                                  
01000000108736703530000000001230800                                                                  
01000000302307355310000000002131100                                                                  
01000000303747714630000000001985900                                                                  
01000000200948148410000000001989000                                                                  
01000000322123567550000000001946600                                                                  
01000000110957536880000000002000100                                                                  
01000000303467230030000000001685600                                                                  
01000000110931607580000000001994900                                                                  
51000000338814547410000000028440600                                                                  
