01000000308559178160000000002890000                                                                  
01000000323350232260000000025568400                                                                  
01000000111648654230000000009242700                                                                  
01000000113086050430000000005097200                                                                  
01000000114999745860000000011200800                                                                  
01000000111216950170000000006488400                                                                  
01000000303654846850000000009574100                                                                  
01000000345788703830000000022295700                                                                  
01000000113679316450000000009946300                                                                  
01000000114493323440000000007480800                                                                  
01000000332621177440000000007018600                                                                  
01000000110258790360000000012237000                                                                  
01000000332540494080000000003520500                                                                  
01000000111375253860000000007864300                                                                  
01000000107069192240000000008883400                                                                  
01000000112999904030000000005138200                                                                  
01000000115645870170000000017829900                                                                  
01000000112544862600000000003868100                                                                  
01000000113488462860000000024367600                                                                  
01000000305410622200000000019256600                                                                  
01000000325112349080000000016319200                                                                  
01000000113019150180000000004734900                                                                  
01000000303453893640000000000220000                                                                  
01000000112499951940000000005582500                                                                  
01000000112799700370000000011262100                                                                  
01000000115841622490000000006744500                                                                  
01000000110258790470000000008085800                                                                  
01000000113488463770000000002944600                                                                  
01000000323380257750000000002252900                                                                  
01000000112799700590000000004846000                                                                  
01000000303690206610000000014009600                                                                  
51000000338814547410000000296770700                                                                  
