51000000113568473930000000002198400                                                                  
51000000115954156310000000005442000                                                                  
51000000113567639540000000003727800                                                                  
51000000308337221750000000003727800                                                                  
51000000315607629810000000006697800                                                                  
51000000332258409510000000005308200                                                                  
51000000113296039710000000005041800                                                                  
51000000113296136280000000003762600                                                                  
51000000113296400390000000003727800                                                                  
51000000302059346830000000004375200                                                                  
51000000113296609300000000004776600                                                                  
51000000113296845440000000004914600                                                                  
51000000113296603170000000006321600                                                                  
51000000115954015930000000003727800                                                                  
51000000116147218880000000002175600                                                                  
51000000116147226440000000002095200                                                                  
51000000116147109010000000003870600                                                                  
51000000307584019730000000006046800                                                                  
51000000116146500980000000003727800                                                                  
51000000116147195960000000003727800                                                                  
51000000116146419580000000006263400                                                                  
51000000116156096610000000002198400                                                                  
51000000116156521860000000002198400                                                                  
51000000116156522110000000002313000                                                                  
51000000116156521530000000003727800                                                                  
51000000116156248400000000007040400                                                                  
51000000116155979270000000003727800                                                                  
51000000116156372580000000006627600                                                                  
51000000116156527090000000003727800                                                                  
51000000116203976240000000006800400                                                                  
51000000116203596110000000003727800                                                                  
51000000116203879900000000004343400                                                                  
51000000116358589330000000003727800                                                                  
51000000310531696800000000003727800                                                                  
51000000307565249420000000006495000                                                                  
51000000340075909530000000005817600                                                                  
51000000327649326300000000008155200                                                                  
51000000322721494100000000007930800                                                                  
51000000317910674520000000007082400                                                                  
51000000327552203280000000007930800                                                                  
51000000340785579020000000001212100                                                                  
51000000334833281070000000001175000                                                                  
51000000106539217070000000010339700                                                                  
51000000105766396270000000000831700                                                                  
51000000113074472680000000000679900                                                                  
51000000300529183240000000000161000                                                                  
51000000113567213910000000000163300                                                                  
51000000303200548010000000001221500                                                                  
