01000000201211384660000000000220000                                                                  
01000000319964989210000000000220000                                                                  
01000000337135597260000000000220000                                                                  
01000000105408816570000000000500000                                                                  
01000000337196079810000000000220000                                                                  
01000000334696966670000000000220000                                                                  
01000000202554361060000000000220000                                                                  
01000000010192227550000000000220000                                                                  
01000000323164326180000000000220000                                                                  
01000000730609661410000000000220000                                                                  
01000000301482564410000000000220000                                                                  
0130100000000000E301000000000000000000000220000                                                                  
01000000730916573430000000000220000                                                                  
01000000347008760810000000000220000                                                                  
51000000338814547410000000003360000                                                                  
