51000000112572051080000000791578300                                                                  
51000000115774720120000000218110400                                                                  
51000000113019150290000000202647700                                                                  
51000000306558563380000000093926400                                                                  
51000000308629071060000000105620500                                                                  
51000000112495957860000000330338700                                                                  
51000000110697197850000000158543700                                                                  
51000000332624315030000000052979800                                                                  
51000000115346170270000000114688200                                                                  
51000000311254360580000000068688200                                                                  
51000000327914344620000000049379700                                                                  
51000000330604495530000000048368800                                                                  
51000000111091170180000000197412200                                                                  
51000000113137351230000000143301200                                                                  
51000000115490770250000000245744100                                                                  
51000000113188950250000000281235700                                                                  
51000000106262024030000000231972800                                                                  
