01000000113074514010000000010000000                                                                  
01000000113708287130000000014200000                                                                  
01000000113708265560000000017900000                                                                  
01000000116203405870000000006000000                                                                  
01000000113567447610000000010500000                                                                  
01000000113289214180000000010000000                                                                  
01000000116358598450000000010000000                                                                  
01000000116146000460000000006700000                                                                  
01000000116201242600000000004200000                                                                  
01000000113568170170000000005800000                                                                  
01000000317157765940000000053853000                                                                  
01000000318277901020000000002000000                                                                  
01000000302209520580000000009600000                                                                  
01000000111217349090000000009100000                                                                  
01000000116842261990000000009500000                                                                  
01000000116842187790000000010000000                                                                  
01000000116203348900000000010000000                                                                  
01000000320638648460000000010000000                                                                  
01000000105766477080000000007700000                                                                  
01000000113074514450000000014600000                                                                  
01000000116202948900000000007700000                                                                  
01000000113074514780000000010000000                                                                  
01000000116358418610000000006000000                                                                  
01000000116842350130000000007000000                                                                  
51000000338814547410000000262353000                                                                  
