01000000322219340230000000001577700                                                                  
01000000108734709990000000002636100                                                                  
01000000108737063700000000001358700                                                                  
01000000108737061210000000002462300                                                                  
01000000108734812980000000001536700                                                                  
01000000108737200880000000000912500                                                                  
01000000105031969170000000002190900                                                                  
01000000108737060740000000003067400                                                                  
01000000108736020090000000003490500                                                                  
01000000108736704220000000000445500                                                                  
01000000108736790050000000000575900                                                                  
01000000108737255100000000000445500                                                                  
01000000108737066750000000003138800                                                                  
01000000108735951250000000002827100                                                                  
01000000108737060850000000002452300                                                                  
01000000108736701710000000002240800                                                                  
01000000108734500100000000002240800                                                                  
01000000108737110300000000003100800                                                                  
01000000108737092570000000002512000                                                                  
01000000108736005900000000001342000                                                                  
01000000108737151480000000003386500                                                                  
01000000106397617830000000002512000                                                                  
01000000108736746530000000002590600                                                                  
01000000301316086750000000003009600                                                                  
01000000109896868280000000000783400                                                                  
01000000301730690300000000001618200                                                                  
01000000303097327040000000003593900                                                                  
01000000301244939670000000001865300                                                                  
01000000301828001080000000002214000                                                                  
01000000301867872950000000002590600                                                                  
01000000108737083560000000001229700                                                                  
01000000302905138450000000001726000                                                                  
01000000108737224390000000002300400                                                                  
01000000116327086940000000003100800                                                                  
01000000302091665700000000002918300                                                                  
01000000108737065520000000001520900                                                                  
01000000302395387500000000003283000                                                                  
01000000114155716540000000002441200                                                                  
01000000108737206340000000004024300                                                                  
01000000117121903870000000002687200                                                                  
01000000110930337070000000003801000                                                                  
01000000201650002860000000002748000                                                                  
01000000302150210820000000003120000                                                                  
01000000320987214100000000002642700                                                                  
01000000310223159370000000001969900                                                                  
01000000110932352170000000003045900                                                                  
01000000301881972260000000003280000                                                                  
01000000108737041790000000001546900                                                                  
01000000302275962400000000001314500                                                                  
01000000302017902130000000001314500                                                                  
01000000306289617190000000001634300                                                                  
01000000108737095420000000002077100                                                                  
01000000321114518930000000003490200                                                                  
01000000302090374190000000001388600                                                                  
01000000302105681420000000001590700                                                                  
01000000110957225260000000001351500                                                                  
01000000330857187230000000001628500                                                                  
01000000302274587220000000001546900                                                                  
01000000108737109220000000002559100                                                                  
01000000108735265700000000002373200                                                                  
51000000338814547410000000134373700                                                                  
