01000000116842597370000000001700000                                                                  
01000000330900408490000000002000000                                                                  
01000000325717258150000000002000000                                                                  
01000000305181339510000000002000000                                                                  
01000000302211033210000000002000000                                                                  
01000000314509059150000000003400000                                                                  
01000000344089075590000000003600000                                                                  
01000000312287094840000000002000000                                                                  
01000000114527292210000000001500000                                                                  
51000000338814547410000000020200000                                                                  
