01000000105990304480000000002000000                                                                  
01000000309187603980000000005000000                                                                  
01000000318555809960000000003000000                                                                  
01000000315187712500000000001500000                                                                  
01000000320512297500000000001500000                                                                  
01000000106078730970000000001000000                                                                  
01000000320154252270000000004000000                                                                  
01000000320154252270000000001500000                                                                  
01000000320154252270000000001250000                                                                  
01000000111173872130000000002000000                                                                  
01000000109574538560000000003000000                                                                  
01000000314472288030000000002000000                                                                  
01000000201941315220000000002000000                                                                  
01000000317327363560000000001500000                                                                  
01000000312123757080000000001500000                                                                  
01000000105295759300000000005000000                                                                  
01000000303377256250000000002000000                                                                  
01000000303377256250000000001500000                                                                  
01000000200115752850000000001250000                                                                  
01000000100176740470000000001250000                                                                  
01000000320154252270000000004000000                                                                  
01000000108401240270000000003000000                                                                  
01000000320154252270000000001500000                                                                  
01000000308924447080000000001500000                                                                  
01000000110269634270000000001500000                                                                  
01000000308438088340000000002000000                                                                  
51000000338814547410000000057250000                                                                  
