01000000303498760800000000008243400                                                                  
01000000306486351690000000008184200                                                                  
01000007309556213-80000000012062100                                                                  
01000000349687865240000000015731100                                                                  
01000000302892945870000000016339000                                                                  
01000000302892945870000000035566600                                                                  
01000000302892945870000000008194000                                                                  
01000000308765418250000000008245800                                                                  
01000000307241836570000000013559500                                                                  
01000000306652762320000000037339900                                                                  
01000000306652762320000000036524800                                                                  
01000000306652762320000000043943200                                                                  
51000000349925610110000000243933600                                                                  
