51000000112572051080000000411314300                                                                  
51000000115774720120000000100109000                                                                  
51000000113019150290000000098374900                                                                  
51000000306558563380000000047009300                                                                  
51000000308629071060000000040212500                                                                  
51000000112495957860000000175450100                                                                  
51000000110697197850000000074302700                                                                  
51000000332624315030000000028134600                                                                  
51000000115346170270000000044673400                                                                  
51000000311254360580000000036651300                                                                  
51000000327914344620000000022112100                                                                  
51000000330604495530000000017262000                                                                  
51000000111091170180000000099427700                                                                  
51000000113137351230000000070241800                                                                  
51000000115490770250000000132162200                                                                  
51000000113188950250000000142988500                                                                  
51000000106262024030000000112995800                                                                  
