51000000334833281070000000001175000                                                                  
51000000302202912670000000002086500                                                                  
51000000105766396270000000000336000                                                                  
51000000105408715920000000000040000                                                                  
51000000311780073440000000000060000                                                                  
51000000106539217070000000001006900                                                                  
51000000116146838960000000001477500                                                                  
51000000303200548010000000000637500                                                                  
51000000113074472680000000000159000                                                                  
51000000308225219810000000000099100                                                                  
51000000105766265620000000000364500                                                                  
51000000105766253540000000000465000                                                                  
51000000105766242810000000001526700                                                                  
51000000105766259880000000000637500                                                                  
51000000105766253430000000000180400                                                                  
51000000105766409510000000000515000                                                                  
51000000105765934090000000001477500                                                                  
51000000113567606240000000000062600                                                                  
51000000116203850300000000000029000                                                                  
51000000310811428930000000000048300                                                                  
51000000105766245210000000000049500                                                                  
51000000111217346030000000000020400                                                                  
51000000105766401010000000000032300                                                                  
51000000300779789530000000000023800                                                                  
51000000116202962290000000000205000                                                                  
