01000000348888474090000000000705000                                                                  
01000000201414343920000000005087100                                                                  
01000000109342356530000000005379400                                                                  
01000000102717737600000000008565900                                                                  
01000000110269666540000000013703800                                                                  
01000000110032461900000000010647300                                                                  
01000000300667699860000000006468000                                                                  
01000000200738333580000000002437500                                                                  
01000000320574982180000000003097500                                                                  
01000000110032513480000000005718900                                                                  
01000000326814906150000000007769900                                                                  
01000000201889170800000000004725200                                                                  
01000000300928028990000000004879600                                                                  
01000000303999413710000000008032600                                                                  
01000000107663691980000000007922800                                                                  
01000000303991986050000000006823200                                                                  
01000000201300944570000000006119800                                                                  
01000000306126152810000000008338900                                                                  
01000000332854912820000000003090000                                                                  
01000000343907031630000000021512100                                                                  
01000000107309759150000000008845700                                                                  
01000000114892148780000000012831000                                                                  
01000000344815897860000000036373500                                                                  
01000000324135545120000000004016600                                                                  
01000000103822770640000000003287600                                                                  
01000000345323177940000000006839700                                                                  
01000000304661530560000000008297400                                                                  
01000000113732281130000000005228700                                                                  
51000000338814547410000000226744700                                                                  
