01000000303437036020000000006708000                                                                  
01000000113720447260000000005159400                                                                  
01000000310345885150000000001825800                                                                  
01000000339884323750000000001358500                                                                  
01000000108599812970000000005056400                                                                  
01000000328703797030000000004843200                                                                  
01000000108599301940000000004555900                                                                  
01000000337395551760000000001516400                                                                  
01000000328783554140000000001239200                                                                  
01000000302482861210000000004813300                                                                  
01000000108599851780000000001844500                                                                  
01000000328181173890000000000571600                                                                  
01000000337491437270000000004309700                                                                  
01000000302482968540000000001052800                                                                  
01000000108599797970000000003832000                                                                  
01000000302484358340000000001079700                                                                  
01000000108599797080000000003901000                                                                  
01000000302484785060000000000642500                                                                  
01000000114968871860000000005275900                                                                  
01000000328450183740000000003984100                                                                  
01000000331053103180000000004615800                                                                  
01000000302506111140000000000910200                                                                  
01000000305013764370000000004623500                                                                  
01000000302439289820000000005172000                                                                  
01000000302889270670000000009083900                                                                  
01000000108599851900000000003365400                                                                  
01000000111230420980000000000316900                                                                  
01000000108599966220000000004278500                                                                  
01000000302493054730000000001378100                                                                  
01000000108599853500000000001702300                                                                  
01000000304076736530000000000332400                                                                  
01000000308863550540000000001662800                                                                  
01000000112717867280000000004864600                                                                  
01000000314206638560000000000622700                                                                  
01000000200773001980000000003810800                                                                  
01000000320858193540000000000353200                                                                  
01000000106258678110000000002076100                                                                  
01000000309901571980000000001881500                                                                  
01000000331409727870000000007251700                                                                  
01000000310059230690000000005330600                                                                  
01000000305212651560000000005047100                                                                  
01000000302681131210000000002625200                                                                  
01000000302825349800000000001708400                                                                  
01000000332429185770000000004662600                                                                  
01000000106258678550000000005107800                                                                  
01000000302514040610000000009320900                                                                  
01000000302507776340000000006247100                                                                  
01000000329438588560000000003966900                                                                  
01000000302569525570000000002699500                                                                  
01000000344265123450000000003055100                                                                  
01000000307319906610000000001857200                                                                  
01000000302457274550000000005517500                                                                  
01000000335644832310000000001965100                                                                  
01000000302438943050000000002626800                                                                  
01000000302579664000000000003283400                                                                  
01000000302579409030000000001991000                                                                  
01000000308304187810000000003945400                                                                  
01000000302489629620000000002486500                                                                  
01000000309632332550000000002556100                                                                  
01000000304364559380000000002075000                                                                  
01000000317888792650000000000565700                                                                  
01000000329958443650000000002724600                                                                  
01000000336889789580000000002356100                                                                  
01000000305315181850000000000433800                                                                  
01000000304431314140000000000673900                                                                  
01000000305622458460000000001889400                                                                  
01000000305281655410000000000243000                                                                  
01000000302240379430000000000210900                                                                  
01000000304678236560000000000573700                                                                  
01000000317307868080000000000264200                                                                  
01000000321023949230000000000537000                                                                  
01000000318613302900000000000866200                                                                  
01000000340178689210000000000315800                                                                  
01000000104942730160000000002912800                                                                  
01000000112800155940000000002167100                                                                  
01000000106259243160000000001969900                                                                  
01000000102897386800000000002246100                                                                  
01000000302512653770000000002099200                                                                  
01000000115346439650000000002300400                                                                  
01000000311815675620000000002427500                                                                  
01000000105678941570000000001591500                                                                  
01000000112500152930000000001687700                                                                  
01000000105679000700000000001820600                                                                  
01000000301923957870000000002180900                                                                  
01000000302443564340000000002009700                                                                  
01000000110259661670000000001883700                                                                  
01000000302489507300000000001809200                                                                  
01000000300683346240000000001292500                                                                  
01000000300998540570000000001400400                                                                  
01000000106260048290000000001376600                                                                  
01000000104761490810000000002130700                                                                  
01000000200760592190000000002130700                                                                  
01000000111375603970000000001639500                                                                  
01000000301153210570000000001596000                                                                  
01000000111376073490000000001596000                                                                  
01000000321510799020000000001737400                                                                  
01000000108599858150000000001737400                                                                  
01000000104760561170000000001813500                                                                  
01000000108597861270000000001764800                                                                  
01000000302476047030000000000969500                                                                  
01000000108600005520000000001520900                                                                  
01000000110081368170000000001720000                                                                  
01000000302453037290000000001236500                                                                  
01000000302488325690000000001482200                                                                  
01000000301319266750000000001270900                                                                  
01000000302492908170000000001317200                                                                  
01000000115346561570000000001392600                                                                  
01000000112718117460000000001969700                                                                  
01000000302446779790000000001483600                                                                  
01000000110082264740000000001448200                                                                  
01000000318432348260000000001225200                                                                  
01000000317777532230000000001351500                                                                  
01000000108599796620000000000706500                                                                  
01000000108599796950000000000992800                                                                  
01000000312207898980000000000893000                                                                  
01000000328865434410000000001388600                                                                  
01000000305359546710000000000956700                                                                  
01000000330739394620000000001051400                                                                  
01000000302466013390000000000854300                                                                  
01000000302904708540000000000735500                                                                  
01000000115153832480000000000735500                                                                  
01000000111231673680000000000771000                                                                  
01000000106246457760000000001553200                                                                  
01000000113720483020000000000771000                                                                  
01000000111376271060000000000735500                                                                  
01000000114959546650000000001086400                                                                  
01000000114969631790000000000605100                                                                  
01000000308474768570000000000735500                                                                  
01000000309363655910000000003011500                                                                  
01000000106260215400000000000735500                                                                  
01000000311059336530000000000735500                                                                  
01000000318307794880000000001055600                                                                  
01000000326310414540000000000406500                                                                  
01000000327918682960000000000706500                                                                  
01000000326596962720000000002197000                                                                  
01000000334683343800000000000735500                                                                  
01000000202359305190000000000955100                                                                  
01000000300856505040000000001071200                                                                  
01000000300535391390000000000962700                                                                  
01000000302587444870000000000738800                                                                  
01000000110260342800000000000425500                                                                  
01000000318570634870000000001196000                                                                  
01000000113720447260000000000445500                                                                  
01000000111376270930000000000510400                                                                  
01000000318432348260000000000485500                                                                  
01000000306746032930000000001144900                                                                  
01000000302522395050000000000445500                                                                  
01000000110081349450000000000485500                                                                  
01000000324486056920000000000425500                                                                  
01000000319465607510000000000774100                                                                  
01000000322645687810000000000443500                                                                  
51000000338814547410000000313976900                                                                  
