01000000302266119980000000000500000                                                                  
01000000334098419130000000000500000                                                                  
01000000104943025940000000001530000                                                                  
01000000304740968890000000001515000                                                                  
01000000104943270640000000000040000                                                                  
01000000108598087880000000000040000                                                                  
01000000104942540830000000001438000                                                                  
01000000104943327440000000000045000                                                                  
01000000104943231160000000000149700                                                                  
01000000104943351000000000000083000                                                                  
01000000104943043750000000000035600                                                                  
01000000104943432570000000000105000                                                                  
01000000335411635120000000000065400                                                                  
01000000305317601130000000000018000                                                                  
01000000311733194060000000000016000                                                                  
01000000300188488010000000000407200                                                                  
01000000104942140390000000010000000                                                                  
01000000300514645950000000000816000                                                                  
51000000110122020110000000017303900                                                                  
