510000003085591781600001166294.0000                                                                  
510000003233502322600000096296.0000                                                                  
510000001116486542300001159646.0000                                                                  
510000001130860504300001373203.0000                                                                  
510000001149997458600000858924.0000                                                                  
510000001112169501700001455091.0000                                                                  
510000003036548468500000665913.0000                                                                  
510000003457887038300000799327.0000                                                                  
510000001136793164500000368338.0000                                                                  
510000001144933234400001198926.0000                                                                  
510000003326211774400000011730.0000                                                                  
510000001102587903600001444750.0000                                                                  
510000003325404940800000030822.0000                                                                  
510000001113752538600000682857.0000                                                                  
510000001070691922400000969348.0000                                                                  
510000001129999040300000964238.0000                                                                  
510000001156458701700001040809.0000                                                                  
510000001125448626000001089465.0000                                                                  
510000001134884628600001448507.0000                                                                  
510000003054106222000000702599.0000                                                                  
510000003251123490800000134046.0000                                                                  
510000001130191501800001353316.0000                                                                  
510000003034538936400000122185.0000                                                                  
510000001124999519400000528800.0000                                                                  
510000001127997003700001332558.0000                                                                  
510000001158416224900001262862.0000                                                                  
510000001102587904700001519255.0000                                                                  
510000001134884637700001855340.0000                                                                  
510000003233802577500000075457.0000                                                                  
510000001127997005900001895933.0000                                                                  
510000003036902066100000183713.0000                                                                  
510000003085591781600000045483.0000                                                                  
510000001116486542300000121864.0000                                                                  
510000001130860504300000604031.0000                                                                  
510000001149997458600000120784.0000                                                                  
510000001112169501700000111450.0000                                                                  
510000003036548468500000116942.0000                                                                  
510000003457887038300000246473.0000                                                                  
510000001136793164500000128882.0000                                                                  
510000001144933234400000092897.0000                                                                  
510000003326211774400000097620.0000                                                                  
510000001102587903600000161669.0000                                                                  
510000003325404940800000052610.0000                                                                  
510000001113752538600000099457.0000                                                                  
510000001070691922400000117529.0000                                                                  
510000001129999040300000051825.0000                                                                  
510000001156458701700000086506.0000                                                                  
510000001125448626000000040831.0000                                                                  
510000001134884628600000071780.0000                                                                  
510000003054106222000000032948.0000                                                                  
510000003251123490800000192664.0000                                                                  
510000001130191501800000076180.0000                                                                  
510000001124999519400000179397.0000                                                                  
510000001127997003700000279488.0000                                                                  
510000001158416224900000081062.0000                                                                  
510000001102587904700000119436.0000                                                                  
510000001134884637700000243853.0000                                                                  
510000003233802577500000213159.0000                                                                  
510000001127997005900000094473.0000                                                                  
510000003036902066100000134208.0000                                                                  
51000000202629639510000000006485600                                                                  
51000000202629639400000000003679000                                                                  
51000000112495957860000000003000000                                                                  
