01000000200274334800000000003541000                                                                  
01000000324911343670000000005686300                                                                  
01000000201244536000000000003640500                                                                  
01000000200733476080000000032028100                                                                  
01000000100898638010000000004946200                                                                  
01000000308017694380000000002917800                                                                  
01000000310209705430000000003990800                                                                  
01000000311851150670000000001499400                                                                  
01000000310978675940000000003388200                                                                  
01000000302786770170000000001046600                                                                  
01000000343080712770000000001506600                                                                  
01000000104286767620000000001203500                                                                  
51999999999999999990000000065395000                                                                  
