01000000319969822320000000066686500                                                                  
01000000116275389120000000049466000                                                                  
01000000116275391870000000047561900                                                                  
01000000315993912280000000074673400                                                                  
01000000330524885040000000051238900                                                                  
01000000330271854750000000029155900                                                                  
01000000319527780780000000051449900                                                                  
01000000324472567420000000062101700                                                                  
01000000323141532170000000071473000                                                                  
01000000331055249090000000032340500                                                                  
01000000348007788960000000207681800                                                                  
01000000335189739110000000127165500                                                                  
01000000323186958810000000138334500                                                                  
01000000320890550520000000097061800                                                                  
01000000322550487730000000095890600                                                                  
01000000324440075610000000076254500                                                                  
01000000336344719080000000071128000                                                                  
01000000115837077510000000063761400                                                                  
01000000339276488860000000007434400                                                                  
01000000302333241100000000048071600                                                                  
01000000318923366810000000057915100                                                                  
01000000320601887990000000028795300                                                                  
01000000116274750640000000030024700                                                                  
01000000320863519730000000024440800                                                                  
01000000115990309390000000018153200                                                                  
01000000115990309280000000013090900                                                                  
01000000302384434400000000021225100                                                                  
01000000327045774140000000026972800                                                                  
01000000117049630960000000023436300                                                                  
01000000325233914570000000013790200                                                                  
01000000115160119040000000018389200                                                                  
01000000321338332630000000043253900                                                                  
01000000324768161780000000107908800                                                                  
01000000324492727390000000049691900                                                                  
01000000318631754460000000015590600                                                                  
01000000115160076790000000040537600                                                                  
01000000319392176550000000023507700                                                                  
01000000340873623440000000150081500                                                                  
01000000320857413520000000073966300                                                                  
01000000112544868270000000035106300                                                                  
01000000321266238900000000039262100                                                                  
01000000324269546940000000046495200                                                                  
01000000340278037770000000025228400                                                                  
01000000319065524650000000096708000                                                                  
01000000340641698460000000043587200                                                                  
01000000336285915970000000049140400                                                                  
01000000331934723090000000030393000                                                                  
01000000317434159540000000131870300                                                                  
01000000113188963570000000098784200                                                                  
01000000318494744090000000077022900                                                                  
01000000324160115160000000009942100                                                                  
01000000320839751330000000039851800                                                                  
51000000338814547410000002973095600                                                                  
