01000000201211372800000000000244000                                                                  
01000000301290268160000000000325500                                                                  
01000000105408715920000000000150000                                                                  
01000000105765899140000000000110000                                                                  
01000000105766396270000000000592000                                                                  
01000000105765934090000000000395000                                                                  
01000000105766140020000000001725000                                                                  
01000000302202912670000000000248000                                                                  
01000000300529183240000000000120000                                                                  
01000000116202962290000000000030000                                                                  
01000000105766321010000000000012000                                                                  
51999999999999999990000000003951500                                                                  
