01000000300188488010000000003364100                                                                  
01000000300965909800000000001943400                                                                  
01000000304740968890000000001739000                                                                  
01000000104942945930000000000140000                                                                  
01000000104943402340000000000904500                                                                  
01000000301275095560000000000558000                                                                  
01000000104942297600000000000300000                                                                  
01000000342546392840000000001150000                                                                  
01000000343097828480000000001260000                                                                  
51000000338814547410000000011359000                                                                  
