51000000303668636610000000003600000                                                                  
51000000322011920500000000003600000                                                                  
51000000306011847970000000006000000                                                                  
51000000339206275660000000003600000                                                                  
51000000336041496670000000004200000                                                                  
51000000343452498490000000003600000                                                                  
51000000319545403380000000003600000                                                                  
51000000336047286000000000003600000                                                                  
51000000326635752070000000006000000                                                                  
51000000115037775310000000006000000                                                                  
51000000115037963380000000006000000                                                                  
