51000000344969388010000000005850000                                                                  
51000000105765834910000000004950000                                                                  
51000000110406493540000000002700000                                                                  
51000000106161686760000000024300000                                                                  
51000000109341248400000000014175000                                                                  
51000000109572384320000000011700000                                                                  
51000000106041797260000000047700000                                                                  
51000000302241535180000000060000000                                                                  
51000000344988508220000000040950000                                                                  
51000000104942133530000000010575000                                                                  
