01000000328766185690000000008100000                                                                  
01000000325868253470000000007700000                                                                  
01000000110395911900000000006700000                                                                  
01000000110395911890000000006700000                                                                  
01000000331238415980000000010300000                                                                  
01000000300421692500000000013200000                                                                  
01000000314403393710000000006700000                                                                  
01000000311866182960000000008500000                                                                  
01000000328762223060000000011900000                                                                  
01000000108448997730000000007700000                                                                  
01000000324166940800000000013600000                                                                  
01000000328716173220000000010700000                                                                  
01000000311412775520000000005500000                                                                  
01000000112999902320000000008900000                                                                  
01000000330643295720000000008500000                                                                  
01000000112828712140000000011500000                                                                  
01000000319302805910000000012800000                                                                  
01000000107069199940000000012800000                                                                  
01000000011574080220000000015800000                                                                  
01000000306390247280000000008500000                                                                  
01000000343542497470000000010300000                                                                  
01000000112999900270000000011500000                                                                  
01000000328706818860000000008100000                                                                  
01000000343618298640000000013200000                                                                  
01000001129999935390000000013200000                                                                  
01000000115889581770000000010700000                                                                  
01000000108448997390000000011500000                                                                  
01000000328647362780000000010700000                                                                  
01000000300429261100000000009300000                                                                  
01000000306613158350000000005100000                                                                  
01000000334885258700000000011900000                                                                  
01000000107500543770000000014600000                                                                  
01000000329534875480000000008500000                                                                  
01000000328783141600000000006300000                                                                  
01000000113137455410000000008500000                                                                  
01000000328687096920000000009300000                                                                  
01000000115274156760000000011100000                                                                  
01000000307030267550000000011900000                                                                  
01000000337422454880000000008900000                                                                  
01000000313603894040000000009300000                                                                  
01000000112828707200000000011900000                                                                  
01000000108448998860000000008900000                                                                  
01000000313444942040000000008100000                                                                  
01000000115455226630000000009300000                                                                  
01000000311487918110000000008900000                                                                  
01000000328714533610000000008500000                                                                  
01000000308118790640000000010700000                                                                  
01000000302991278410000000013200000                                                                  
01000000300667931360000000010800000                                                                  
01000000311852171610000000015700000                                                                  
01000000321333132990000000012000000                                                                  
51000000338814547410000000518000000                                                                  
