01000000102615651630000000129415300                                                                  
01000000109808878520000000035250000                                                                  
01000000301617903640000000126360000                                                                  
01000000314561857640000000010900000                                                                  
01000000113349856560000000027750000                                                                  
01000000318181532770000000006895000                                                                  
01000000336798769020000000030550000                                                                  
01000000308772488380000000010000000                                                                  
01000000106728112110000000007972500                                                                  
51000000349847884970000000385092800                                                                  
