01000000309742357930000000000070000                                                                  
01000000336366666550000000000070000                                                                  
01000000336820729840000000000070000                                                                  
01000000331370295440000000000070000                                                                  
01000000308479026380000000000070000                                                                  
01000000334451541770000000000070000                                                                  
01000000330934304630000000000070000                                                                  
01000000320702487150000000000070000                                                                  
01000000328418350830000000000070000                                                                  
01000000330339676890000000000070000                                                                  
01000000336472862180000000000070000                                                                  
01000000336672423920000000000070000                                                                  
01000000336472869880000000000070000                                                                  
01000000336672410920000000000070000                                                                  
01000000730269625810000000000070000                                                                  
01000000111524768920000000000070000                                                                  
01000000312684942110000000000070000                                                                  
01000000333981448310000000000070000                                                                  
01000000312684942110000000000070000                                                                  
01000000312660260270000000000070000                                                                  
01000000308576946470000000000070000                                                                  
01000000337090627970000000000070000                                                                  
01000003233315385140000000000070000                                                                  
01000000337312541550000000000070000                                                                  
01000000336285331250000000000070000                                                                  
01000000337060486960000000000070000                                                                  
01000000337030446940000000000070000                                                                  
01000000337146417350000000000070000                                                                  
01000000036971917450000000000070000                                                                  
01000000337147179880000000000070000                                                                  
01000000337091825830000000000070000                                                                  
01000000337146361450000000000070000                                                                  
01000000337145802810000000000070000                                                                  
01000000337061456670000000000070000                                                                  
01000000337061438180000000000070000                                                                  
01000000337091863720000000000070000                                                                  
01000000337146399850000000000070000                                                                  
01000000337173876600000000000070000                                                                  
01000000317764916080000000000070000                                                                  
01000000337147485540000000000070000                                                                  
01000000337060425710000000000070000                                                                  
01000000311522207270000000000070000                                                                  
01000000337146390330000000000070000                                                                  
01000000337145812850000000000070000                                                                  
01000000337091878200000000000070000                                                                  
01000000318421798300000000000070000                                                                  
01000000305514893290000000000070000                                                                  
01000000317815073400000000000070000                                                                  
01000000337090273770000000000070000                                                                  
01000000335835232050000000000070000                                                                  
01000000337145195560000000000070000                                                                  
01000000337090526430000000000070000                                                                  
01000000337090513660000000000070000                                                                  
01000000337060409690000000000070000                                                                  
01000000302789208130000000000070000                                                                  
01000000201154899010000000000070000                                                                  
01000000337090391880000000000070000                                                                  
01000000326563941830000000000070000                                                                  
01000000328504885920000000000070000                                                                  
01000000337090555430000000000070000                                                                  
01000000337091849320000000000070000                                                                  
01000000337091842730000000000070000                                                                  
01000000337090546390000000000070000                                                                  
01000000337090420670000000000070000                                                                  
01000000337145870720000000000070000                                                                  
01000000102923739490000000000070000                                                                  
01000000332234407620000000000070000                                                                  
01000000323752499960000000000070000                                                                  
01000000330105377210000000000070000                                                                  
01000000336972375120000000000070000                                                                  
01000000336349619700000000000070000                                                                  
01000000337030331930000000000070000                                                                  
01000000337147087910000000000070000                                                                  
01000000337090537590000000000070000                                                                  
01000000337197932490000000000070000                                                                  
01000000337030422120000000000070000                                                                  
01000000337090487510000000000070000                                                                  
01000000337146558730000000000070000                                                                  
01000000337091833370000000000070000                                                                  
01000000201154905860000000000070000                                                                  
01000000326954197720000000000070000                                                                  
01000000323203678320000000000070000                                                                  
01000000337090337320000000000070000                                                                  
01000000037060610150000000000070000                                                                  
01000000337319076150000000000070000                                                                  
01000000337090323100000000000070000                                                                  
01000000334745776080000000000070000                                                                  
01000000336998234790000000000070000                                                                  
01000000336310829150000000000070000                                                                  
01000000311464868000000000000070000                                                                  
01000000337090310090000000000070000                                                                  
01000000302915793850000000000070000                                                                  
01000000337173692090000000000070000                                                                  
01000000326577542270000000000070000                                                                  
01000000202156563460000000000070000                                                                  
01000000202156563350000000000070000                                                                  
01000000202156563240000000000070000                                                                  
01000000202131680660000000000070000                                                                  
01000000329847351870000000000070000                                                                  
01000000337247029350000000000070000                                                                  
01000000328564726430000000000070000                                                                  
01000000337312218440000000000070000                                                                  
01000000337274935860000000000070000                                                                  
01000000309031027100000000000070000                                                                  
01000000337278234250000000000070000                                                                  
01000000332557899630000000000070000                                                                  
01000000335105333540000000000070000                                                                  
01000000337084141750000000000070000                                                                  
01000000335105333540000000000070000                                                                  
51000000339923819780000000007630000                                                                  
