51000000010346546170000000003000000                                                                  
51000000010346566580000000006000000                                                                  
51000000010346566580000000002400000                                                                  
51000000010346546170000000003000000                                                                  
51000000010346566580000000006000000                                                                  
51000000010346566580000000006000000                                                                  
51000000010346566580000000006000000                                                                  
51000000010346566580000000002400000                                                                  
51000000115685398300000000006000000                                                                  
51000000304385916490000000010000000                                                                  
51000000304385916490000000010000000                                                                  
51000000304385916490000000010000000                                                                  
51000000304385916490000000006000000                                                                  
51000000304385916490000000006000000                                                                  
51000000304385916490000000010000000                                                                  
51000000304385916490000000010000000                                                                  
51000000304385916490000000006000000                                                                  
51000000304385916490000000006000000                                                                  
51000000304385916490000000006000000                                                                  
51000000304385916490000000006000000                                                                  
51000000304385916490000000009000000                                                                  
51000000304385916490000000006000000                                                                  
51000000304385916490000000010000000                                                                  
51000000304385916490000000006000000                                                                  
51000000304385916490000000009000000                                                                  
51000000304385916490000000006000000                                                                  
51000000304385916490000000006000000                                                                  
51000000304385916490000000009000000                                                                  
51000000304385916490000000006000000                                                                  
51000000304385916490000000009000000                                                                  
51000000304385916490000000006000000                                                                  
51000000304385916490000000010000000                                                                  
51000000313997714230000000010000000                                                                  
51000000304385916490000000006000000                                                                  
51000000304385916490000000003000000                                                                  
51000000304385916490000000006000000                                                                  
51000000304385916490000000006000000                                                                  
51000000347850375140000000010000000                                                                  
51000000304385916490000000003000000                                                                  
51000000304385916490000000006000000                                                                  
51000003044385916490000000006000000                                                                  
51000000304385916490000000010000000                                                                  
51000000304385916490000000006000000                                                                  
51000000304385916490000000006000000                                                                  
51000000304385916490000000006000000                                                                  
51000000304385916490000000003000000                                                                  
51000000304385916490000000006000000                                                                  
51000000304385916490000000009000000                                                                  
51000000304385916490000000010000000                                                                  
51000000304385916490000000006000000                                                                  
51000000304385916490000000006000000                                                                  
51000000304385916490000000006000000                                                                  
51000000304385916490000000006000000                                                                  
51000000304385916490000000006000000                                                                  
51000000304385916490000000006000000                                                                  
51000000304385916490000000006000000                                                                  
51000000304385916490000000006000000                                                                  
51000000304385916490000000006000000                                                                  
51000000304385916490000000003000000                                                                  
51000000304385916490000000006000000                                                                  
51000000304385916490000000006000000                                                                  
51000000304385916490000000006000000                                                                  
51000000304385916490000000006000000                                                                  
51000000330995763930000000004800000                                                                  
51000000202471052650000000006000000                                                                  
51000000202471051850000000006000000                                                                  
51000000202471051960000000006000000                                                                  
51000000347396619250000000006000000                                                                  
51000000202471052870000000006000000                                                                  
51000000338557623260000000006000000                                                                  
