01000000113279726900000000001125000                                                                  
01000000322418135160000000007042000                                                                  
01000000300990342370000000003777500                                                                  
01000000317562830120000000001684000                                                                  
01000000339888593620000000003027000                                                                  
01000000301709500330000000004855000                                                                  
01000000304614822810000000008763100                                                                  
01000000300173819370000000005300000                                                                  
01000000301154457220000000006560900                                                                  
01000000304457179830000000007507500                                                                  
01000000318810070140000000001358100                                                                  
01000000104223810270000000000514300                                                                  
01000000322418135160000000001942000                                                                  
01000000314869885520000000019083900                                                                  
51000000338814547410000000072540300                                                                  
