51000000338200531930000000006000000                                                                  
51000000336123460430000000006000000                                                                  
51000000341124342030000000006000000                                                                  
51000000341124310200000000006000000                                                                  
51000000341124325240000000006000000                                                                  
51000000338062119560000000006000000                                                                  
51000000328234035100000000006000000                                                                  
51000000306575471680000000006000000                                                                  
51000000116467154920000000006000000                                                                  
51000000116467205810000000006000000                                                                  
51000000116466714180000000006000000                                                                  
51000000336215226100000000006000000                                                                  
51000000325117985240000000006000000                                                                  
51000000318186798550000000006000000                                                                  
