010000003085591781600000171229.0000                                                                  
010000001116486542300000283949.0000                                                                  
010000001130860504300000367715.0000                                                                  
010000001149997458600000235905.0000                                                                  
010000001112169501700000505780.0000                                                                  
010000003036548468500000461149.0000                                                                  
010000003457887038300000389835.0000                                                                  
010000001136793164500000423674.0000                                                                  
010000001144933234400000250491.0000                                                                  
010000003326211774400000085451.0000                                                                  
010000001102587903600000308317.0000                                                                  
010000003325404940800000130505.0000                                                                  
010000001113752538600000272117.0000                                                                  
010000001070691922400000198019.0000                                                                  
010000001129999040300000288905.0000                                                                  
010000001156458701700000079175.0000                                                                  
010000001125448626000000229793.0000                                                                  
010000001134884628600000297244.0000                                                                  
010000003054106222000000343024.0000                                                                  
010000003251123490800000200317.0000                                                                  
010000001130191501800000479215.0000                                                                  
010000003034538936400000043166.0000                                                                  
010000001124999519400000037127.0000                                                                  
010000001127997003700000694028.0000                                                                  
010000001158416224900000215395.0000                                                                  
010000001102587904700000123722.0000                                                                  
010000001134884637700000110090.0000                                                                  
010000003233802577500000051450.0000                                                                  
010000001127997005900000145395.0000                                                                  
010000003036902066100000262754.0000                                                                  
01000000303453893640000000001236000                                                                  
51000000338814547410000000769729600                                                                  
