01000000116358596070000000004400000                                                                  
01000000105766233010000000005500000                                                                  
01000000116358632270000000010000000                                                                  
01000000113289315840000000011500000                                                                  
01000000116203090790000000012600000                                                                  
01000000113296854460000000005000000                                                                  
01000000113296099510000000010000000                                                                  
01000000105766475940000000005000000                                                                  
01000000302010709310000000004000000                                                                  
01000000113708129960000000004500000                                                                  
01000000116156040400000000003400000                                                                  
01000000116203070270000000003300000                                                                  
01000000311455402810000000002500000                                                                  
51000000338814547410000000081700000                                                                  
