01000000115449911600000000027200000                                                                  
01000000323148158080000000011300000                                                                  
01000000114959560270000000004200000                                                                  
01000000110259732870000000009900000                                                                  
01000000108599739110000000016000000                                                                  
01000000314899522930000000030000000                                                                  
01000000301106214190000000015000000                                                                  
01000000111230923450000000034800000                                                                  
01000000300223985690000000040600000                                                                  
01000000115071989470000000002900000                                                                  
01000000300338926800000000004800000                                                                  
01000000104943367820000000007000000                                                                  
01000000108599118200000000010000000                                                                  
01000000300323066970000000004600000                                                                  
01000000104943057210000000003500000                                                                  
01000000110082762100000000010000000                                                                  
01000000110260101010000000014800000                                                                  
01000000110082813670000000007900000                                                                  
01000000308831280460000000009600000                                                                  
01000000110081966170000000015000000                                                                  
01000000110081861000000000003700000                                                                  
01000000301066720950000000002000000                                                                  
01000000110082361970000000003800000                                                                  
01000000312180331330000000002000000                                                                  
01000000112717898210000000005800000                                                                  
01000000114969291050000000007500000                                                                  
01000000111375950700000000009000000                                                                  
01000000111376435260000000025000000                                                                  
01000000110260073030000000012000000                                                                  
01000000110260092640000000013700000                                                                  
01000000110082020000000000007100000                                                                  
01000000308054857370000000030000000                                                                  
01000000113721223660000000016400000                                                                  
01000000113720375930000000010000000                                                                  
01000000314759952000000000024500000                                                                  
01000000113720989100000000012600000                                                                  
01000000113721223550000000008300000                                                                  
01000000113720804810000000010000000                                                                  
01000000113720374350000000008000000                                                                  
01000000115449989380000000007300000                                                                  
01000000111230881460000000007100000                                                                  
01000000111231465420000000010000000                                                                  
01000000111230858600000000007300000                                                                  
01000000111230954480000000010000000                                                                  
01000000110082062860000000005000000                                                                  
01000000326646671320000000007200000                                                                  
01000000104760827050000000007700000                                                                  
01000000111231365770000000008600000                                                                  
01000000101210878550000000014300000                                                                  
01000000307068833880000000007300000                                                                  
01000000112500294430000000007700000                                                                  
01000000106259772990000000013000000                                                                  
01000000300422629970000000007000000                                                                  
01000000106245634490000000023100000                                                                  
01000000309737791100000000013000000                                                                  
01000000114969318060000000025000000                                                                  
01000000115709911460000000010000000                                                                  
01000000308556460050000000011300000                                                                  
01000000112500040750000000015000000                                                                  
01000000310054841120000000006300000                                                                  
01000000112500327950000000012000000                                                                  
01000000308436157960000000012000000                                                                  
01000000112500045530000000022500000                                                                  
51000000338814547410000000760200000                                                                  
