51000000113987659970000000000255000                                                                  
51000000113987670080000000000255000                                                                  
51000000113987683640000000000255000                                                                  
51000000113987687050000000000255000                                                                  
51000000320822506730000000000152600                                                                  
51000000110851385860000000000152600                                                                  
51000000201360884500000000000152600                                                                  
51000000110851435070000000000152600                                                                  
51000000326793206790000000000152600                                                                  
51000000116179843460000000000152600                                                                  
51000000116179670460000000000152600                                                                  
51000000305647380330000000000156000                                                                  
51000000201241161760000000000156000                                                                  
51000000309632935330000000000205000                                                                  
51000000113708548340000000000245000                                                                  
51000000113289294510000000000245000                                                                  
51000000113289349040000000000245000                                                                  
51000000113708663170000000000245000                                                                  
51000000306708371780000000000238000                                                                  
51000000325518684490000000000234000                                                                  
51000000325494734650000000000240000                                                                  
51000000303628956100000000000208000                                                                  
51000000325257936080000000000234000                                                                  
51000000109253987660000000000255000                                                                  
51000000113178610070000000000255000                                                                  
51000000200396132320000000000255000                                                                  
51000000113178635370000000000255000                                                                  
51000000113178320100000000000255000                                                                  
51000000113178628400000000000255000                                                                  
51000000113567722220000000000245000                                                                  
51000000323429844750000000000244000                                                                  
51000000308553858570000000000189200                                                                  
51000000115990825930000000000234000                                                                  
51000000312252976760000000000241300                                                                  
51000000115990826490000000000246000                                                                  
51000000326931281280000000000237000                                                                  
51000000318983805780000000000238300                                                                  
51000000307937729910000000000249000                                                                  
51000000115990810000000000000237000                                                                  
51000000115990474340000000000234000                                                                  
51000000115524582230000000000219000                                                                  
51000000115991005680000000000235000                                                                  
51000000306760488820000000000239000                                                                  
51000000317807193440000000000225000                                                                  
51000000306774814530000000000247000                                                                  
51000000315278879350000000000155000                                                                  
51000000110851663310000000000155000                                                                  
51000000110851746920000000000152800                                                                  
51000000325596785850000000000152600                                                                  
51000000110851442830000000000150000                                                                  
51000000110851376380000000000152600                                                                  
51000000110851395010000000000154600                                                                  
51000000325572833280000000000154600                                                                  
51000000110851390670000000000152600                                                                  
51000000110851478410000000000155000                                                                  
51000000110851353360000000000152600                                                                  
51000000116179703650000000000152600                                                                  
51000000116179856340000000000152600                                                                  
51000000314978337410000000000155000                                                                  
51000000325625600010000000000152600                                                                  
51000000110851383600000000000152600                                                                  
51000000302450480760000000000152600                                                                  
51000000201889063730000000000152600                                                                  
51000000325311123740000000000245000                                                                  
51000000303831752220000000000245000                                                                  
51000000306159246360000000000245000                                                                  
51000000306594986830000000000245000                                                                  
51000000113178691200000000000255000                                                                  
51000000308222461750000000000240600                                                                  
51000000327010787910000000000116000                                                                  
51000000326641798030000000000156000                                                                  
51000000113886129320000000000159000                                                                  
51000000326726897570000000000157600                                                                  
51000000306568637300000000000168400                                                                  
51000000332479003470000000000159600                                                                  
51000000313503303470000000000157600                                                                  
51000000333445506520000000000155000                                                                  
51000000332654691030000000000157600                                                                  
51000000332654678980000000000157600                                                                  
51000000326111833020000000000156500                                                                  
51000000325512511320000000000163000                                                                  
51000000113886208730000000000165900                                                                  
51000000308078301690000000000158400                                                                  
51000000116229036520000000000255000                                                                  
51000000325587375210000000000245000                                                                  
51000000307146826710000000000245000                                                                  
51000000319968907470000000000245000                                                                  
51000000326145459630000000000245000                                                                  
51000000309116633920000000000245000                                                                  
51000000335213752810000000000230000                                                                  
51000000115524483950000000000180000                                                                  
51000000323904068580000000000249000                                                                  
51000000319790890880000000000238000                                                                  
51000000319429678730000000000249000                                                                  
51000000115524487360000000000235000                                                                  
51000000115524469430000000000240000                                                                  
51000000304349671420000000000235000                                                                  
51000000330401926980000000000235000                                                                  
51000000115524383860000000000240000                                                                  
51000000325560789090000000000230000                                                                  
51000000324234573350000000000249000                                                                  
51000000303564380150000000000226000                                                                  
51000000115524364910000000000248000                                                                  
51000000306354941100000000000249000                                                                  
51000000115524447310000000000246200                                                                  
51000000115524402820000000000210000                                                                  
51000000327245712820000000000246000                                                                  
51000000115524595440000000000235000                                                                  
51000000115524388520000000000244000                                                                  
51000000115523927020000000000218000                                                                  
51000000305635697220000000000235000                                                                  
51000000115524471860000000000234000                                                                  
51000000115524431140000000000225000                                                                  
51000000115524359750000000000218000                                                                  
51000000307575806000000000000234000                                                                  
51000000325416559540000000000248000                                                                  
51000000312659511700000000000225000                                                                  
51000000326399650250000000000220000                                                                  
51000000326353593560000000000235000                                                                  
51000000326402735630000000000240000                                                                  
51000000115524485990000000000246000                                                                  
51000000812031214920000000000248000                                                                  
51000000115524576150000000000247000                                                                  
51000000325560737730000000000247000                                                                  
51000000323991071790000000000238000                                                                  
51000000314780960380000000000219000                                                                  
51000000325698845640000000000239000                                                                  
51000000307951966840000000000242000                                                                  
51000000200443480490000000000152600                                                                  
51000000335393577610000000000255000                                                                  
51000000309738433050000000000255000                                                                  
51000000320756732560000000000255000                                                                  
51000000325689225240000000000255000                                                                  
51000000325661867090000000000255000                                                                  
51000000201097973110000000000255000                                                                  
51000000325846535480000000000152600                                                                  
51000000320857160070000000000156000                                                                  
51000000113619341210000000000255000                                                                  
51000000316647571140000000000240000                                                                  
