01000000317497849140000000006083000                                                                  
01000000331525474770000000011988000                                                                  
01000000324414432060000000012100000                                                                  
01000000315671307170000000012608500                                                                  
01000000324761316600000000015517000                                                                  
01000000324761317730000000016649800                                                                  
01000000314382828390000000017062600                                                                  
01000000325511317990000000018756700                                                                  
01000000328019498920000000020062500                                                                  
01000000321276137340000000020081300                                                                  
01000000326286446840000000021942000                                                                  
01000000320267734520000000022795800                                                                  
01000000317651030300000000024998000                                                                  
01000000326492910630000000027467300                                                                  
01000000321105917490000000036960000                                                                  
01000000334187144180000000038250000                                                                  
01000000309311799840000000043088000                                                                  
01000000319834240890000000044195000                                                                  
01000000320740938880000000110061000                                                                  
01000000335653265490000000135362000                                                                  
01000000321286092380000000149812500                                                                  
01000000335653265490000000175136000                                                                  
01000000313264285390000000297416700                                                                  
01000000321286092380000000725002500                                                                  
51999999999999999990000002003396200                                                                  
