01000000111173496630000000001302500                                                                  
01000000111173109080000000001609400                                                                  
01000000111173856790000000001227300                                                                  
01000000111173810730000000001513200                                                                  
01000000301124519320000000003490500                                                                  
01000000202054492840000000003283200                                                                  
01000000202054491710000000003283200                                                                  
01000000303212763810000000001245200                                                                  
01000000200079406960000000000891400                                                                  
01000000200131626390000000001969900                                                                  
01000000200131615780000000002236300                                                                  
01000000306360231600000000001150000                                                                  
01000000201811984250000000003252400                                                                  
01000000105989173620000000003617400                                                                  
01000000307397368330000000002489400                                                                  
01000000308792133030000000002188500                                                                  
01000000111173855340000000001320400                                                                  
01000000111173854650000000000941100                                                                  
01000000111173855670000000003697700                                                                  
01000000335389101290000000002130700                                                                  
01000000335800478160000000001841400                                                                  
01000000313892122190000000004773500                                                                  
01000000200151181340000000001453600                                                                  
01000000316383099450000000002440300                                                                  
01000000310306102720000000002011300                                                                  
01000000202359927580000000001499300                                                                  
01000000306830072440000000003977500                                                                  
01000000306839397430000000005688000                                                                  
51000000338814547410000000066524600                                                                  
