01000000107110074590000000001500000                                                                  
01000000200453990360000000004000000                                                                  
01000000200453990360000000001500000                                                                  
01000000314689797850000000004000000                                                                  
01000000314689797850000000001500000                                                                  
01000000109574538560000000001500000                                                                  
01000000102717714570000000004000000                                                                  
01000000314472288030000000001500000                                                                  
01000000309187603980000000003000000                                                                  
01000000102717714570000000003000000                                                                  
01000000318555809960000000003000000                                                                  
01000000105295759300000000003000000                                                                  
01000000300491176350000000000300000                                                                  
01000000300451615320000000002000000                                                                  
01000000326306884240000000002000000                                                                  
01000000105295759300000000002000000                                                                  
01000000330749270250000000002000000                                                                  
01000000303151178280000000002000000                                                                  
01000000318912647180000000002000000                                                                  
01000000320154252270000000002000000                                                                  
01000000320154252270000000000300000                                                                  
01000000310657446370000000002000000                                                                  
01000000311371693040000000000300000                                                                  
01000000108401240270000000002000000                                                                  
01000000308924447080000000000300000                                                                  
01000000202594741590000000001500000                                                                  
01000000106156199510000000004000000                                                                  
01000000202594741590000000001500000                                                                  
01000000316335247080000000004000000                                                                  
01000000308438088340000000004000000                                                                  
01000000309187603980000000003000000                                                                  
01000000107238614650000000003000000                                                                  
01000000107238614650000000002000000                                                                  
01000000102717714570000000003000000                                                                  
01000000200792897280000000000500000                                                                  
01000000201602626450000000000500000                                                                  
01000000318555809960000000003000000                                                                  
01000000106078730970000000000300000                                                                  
01000000329371656870000000002000000                                                                  
01000000309187603980000000002000000                                                                  
01000000349033647770000000002000000                                                                  
01000000309560114890000000000300000                                                                  
01000000308271203270000000002000000                                                                  
01000000111524893030000000000300000                                                                  
01000000320154252270000000002000000                                                                  
01000000320154252270000000000300000                                                                  
01000000108401240270000000002000000                                                                  
01000000308924447080000000000300000                                                                  
01000000107440142420000000000300000                                                                  
01000000200108775590000000000300000                                                                  
51999999999999999990000000094800000                                                                  
