51000000115954432380000000001997600                                                                  
51000003014142405-10000000000443500                                                                  
51000000113567300100000000001051900                                                                  
51000000113567501400000000001110300                                                                  
51000000116156059740000000002066200                                                                  
51000000105766048430000000000451400                                                                  
51000000301971403360000000001619300                                                                  
51000000112691468400000000000735500                                                                  
51000000113263789250000000000443500                                                                  
51000000116203649940000000000735500                                                                  
51000000116146249760000000001521100                                                                  
510000000003.02E+100000000000840300                                                                  
51000000301972439440000000002021800                                                                  
51000000116203180180000000002074400                                                                  
51000000105766110450000000001818700                                                                  
51000000106539558280000000001268300                                                                  
51000000301716037820000000000641900                                                                  
51000000111525330790000000001342000                                                                  
51000000116203116800000000001446200                                                                  
51000000309128303970000000000735500                                                                  
51000000113567461900000000000762800                                                                  
51000000315017682790000000000735500                                                                  
51000000309432572810000000001919600                                                                  
51000000307976980260000000001245200                                                                  
51000000306845396190000000000706500                                                                  
51000000116842197160000000001351500                                                                  
51000000302698398320000000002921500                                                                  
51000000320586273790000000001764400                                                                  
51000000309947979290000000001512000                                                                  
51000000319546772160000000001425800                                                                  
51000000330150205730000000001120300                                                                  
51000000338337236430000000001308800                                                                  
