01000000348804698400000000005000000                                                                  
01000000348811317320000000010000000                                                                  
01000000395146630480000000005000000                                                                  
01000000304247981850000000005000000                                                                  
01000000346285124600000000005000000                                                                  
01000000307518186090000000005000000                                                                  
01000000344190654400000000005000000                                                                  
01000000323124590440000000005000000                                                                  
01000000347642660390000000005000000                                                                  
01000000347677084850000000005000000                                                                  
01000000302425318840000000005000000                                                                  
01000000111071740780000000005000000                                                                  
01000000202176599680000000005000000                                                                  
01000000342061669480000000005000000                                                                  
01000000346016044970000000005000000                                                                  
01000000333030043830000000005000000                                                                  
01000000322270423450000000005000000                                                                  
01000000348827812580000000005000000                                                                  
01000000348806651190000000005000000                                                                  
01000000348804734710000000010000000                                                                  
01000000348806663720000000002500000                                                                  
01000000348806614870000000005000000                                                                  
01000000348804698060000000010000000                                                                  
01000000336182734300000000005000000                                                                  
01000000348242662030000000005000000                                                                  
01000000332587649450000000005000000                                                                  
01000000202551041810000000005000000                                                                  
01000000329289462080000000005000000                                                                  
01000000334269495420000000005000000                                                                  
01000000334957269860000000005000000                                                                  
01000000334694163320000000005000000                                                                  
01000000334693720300000000005000000                                                                  
01000000347121458550000000003000000                                                                  
51999999999999999990000000175500000                                                                  
