51000000331203595600000000347388000                                                                  
51000000102839314860000003002210000                                                                  
51000000302963999320000000018086000                                                                  
51000000330008846970000000004161000                                                                  
51000000311583942440000000008391000                                                                  
51000000321593522060000000006152000                                                                  
51000365405000000740000000014811000                                                                  
51000365405000000740000000205202000                                                                  
51000000311583942440000000014811000                                                                  
51000000311583942440000000205202000                                                                  
51000000311583942440000000163505000                                                                  
51000000102839308670000000436912000                                                                  
51000000313010696750000000035088000                                                                  
51000000313010696750000000010783000                                                                  
51000000312529625390000000008208000                                                                  
51000000302361258480000000017522000                                                                  
51000000304763583810000000008327000                                                                  
51000000302409192210000000008597000                                                                  
51000000314205372970000000010777000                                                                  
51000000316092511820000000004494000                                                                  
51000000331493504740000000011068000                                                                  
51000000313992666030000000005513000                                                                  
51000000330089664260000000180880000                                                                  
51000000330089664260000000122162000                                                                  
51000000330089664260000000042263000                                                                  
