01000000338286961270000000006000000                                                                  
01000000338286936360000000006000000                                                                  
01000000338286939980000000006000000                                                                  
01000000338286955990000000006000000                                                                  
01000000338286945280000000006000000                                                                  
01000000338286928930000000006000000                                                                  
01000000338286972340000000006000000                                                                  
01000000328176332020000000006000000                                                                  
01000000333732187700000000006000000                                                                  
01000000339581695110000000006000000                                                                  
01000000336639575410000000006000000                                                                  
01000000341870162980000000006000000                                                                  
01000000337252724670000000003600000                                                                  
01000000343713744370000000006000000                                                                  
01000000301989931340000000006000000                                                                  
01000000337742979830000000006000000                                                                  
01000000337252740990000000003600000                                                                  
01000000337252752080000000003600000                                                                  
01000000337050333840000000003000000                                                                  
01000000338618910480000000006000000                                                                  
01000000201244546370000000003600000                                                                  
01000000335619219720000000003600000                                                                  
01000000203303597170000000010000000                                                                  
01000000201244515800000000003600000                                                                  
51000000343103216890000000130600000                                                                  
