01000000345815384870000000006000000                                                                  
01000000339039044840000000006000000                                                                  
01000000201816221300000000004200000                                                                  
01000000336894581230000000006000000                                                                  
01000000337496300510000000006000000                                                                  
01000000334460980840000000006000000                                                                  
01000000320469837610000000006000000                                                                  
01000000332894051520000000006000000                                                                  
01000000334188873020000000006000000                                                                  
01000000333495204630000000006000000                                                                  
01000000333947353950000000006000000                                                                  
01000000320342726500000000006000000                                                                  
01000000336890263620000000004200000                                                                  
01000000201275339020000000006000000                                                                  
01000000336968976150000000004200000                                                                  
01000000201802770560000000006000000                                                                  
01000000320587254780000000003000000                                                                  
01000000323309578630000000001800000                                                                  
01000000308033137910000000003600000                                                                  
01000000339882942310000000006000000                                                                  
01000000339865131100000000006000000                                                                  
01000000339844562870000000006000000                                                                  
01000000337566100250000000006000000                                                                  
51999999999999999990000000123000000                                                                  
