01000000322511108830000000009697300                                                                  
01000000319274139150000000003440300                                                                  
01000000322511108830000000007336800                                                                  
01000000328145390530000000003380000                                                                  
01000000328145390530000000002929200                                                                  
01000000317434665890000000003743900                                                                  
01000000322832695410000000014751000                                                                  
01000000316453507790000000007530700                                                                  
01000000316453507790000000005031300                                                                  
01000000327415744530000000007583100                                                                  
01000000344301136260000000000323300                                                                  
01000000344301136260000000001325000                                                                  
01000000344301136260000000000986000                                                                  
01000000344301136260000000000645000                                                                  
01000000329666808530000000006734000                                                                  
01000000316387932550000000002070000                                                                  
01000000322832695410000000005711500                                                                  
01000000324910827700000000003043300                                                                  
01000000317434665890000000004279100                                                                  
01000000322832695410000000012491100                                                                  
01000000324910827700000000003086900                                                                  
01000000324910827700000000004881500                                                                  
01000000317434665890000000011981800                                                                  
01000000317434665890000000011773000                                                                  
01000000317434665890000000008933000                                                                  
01000003109980715800000000005091000                                                                  
01000003109980715800000000001530000                                                                  
01000000314548009080000000001772400                                                                  
01000000314548009080000000003042100                                                                  
01000000319274139150000000003440300                                                                  
01000000032251110880000000012689900                                                                  
01000000328285765000000000003268400                                                                  
01000000329730131200000000009468800                                                                  
01000000329852031170000000005585500                                                                  
01000000201844787710000000003474700                                                                  
01000000110990321180000000004904200                                                                  
01000000330738667530000000000823200                                                                  
01000000323273368630000000004590000                                                                  
01000000323380505080000000009140600                                                                  
01000000328285765000000000001753800                                                                  
01000000329730131200000000007201700                                                                  
01000000318703061070000000002625600                                                                  
01000000316852510790000000012938500                                                                  
01000000315811938720000000001188000                                                                  
01000000308423815290000000012380700                                                                  
01000000326350225620000000006364000                                                                  
01000000319669508950000000014497700                                                                  
01000000322888762430000000004280400                                                                  
01000000329547174920000000002395500                                                                  
51999999999999999990000000278135100                                                                  
