01000000113131879700000000019400000                                                                  
01000000303980018250000000022200000                                                                  
01000000303407473370000000001500000                                                                  
01000000202501455430000000011126000                                                                  
01000000310706047590000000005000000                                                                  
01000000108731364880000000011500000                                                                  
01000000318827544640000000002100000                                                                  
01000000318805177180000000009400000                                                                  
01000000116012259320000000002600000                                                                  
01000000108731597010000000012000000                                                                  
01000000108928002120000000023800000                                                                  
01000000113945452170000000025000000                                                                  
01000000115800164830000000004600000                                                                  
01000000106078458990000000006000000                                                                  
01000000200239785080000000010000000                                                                  
01000000308574951650000000005100000                                                                  
01000000115800200460000000050000000                                                                  
01000000113945453190000000050000000                                                                  
01000000114871052360000000012000000                                                                  
01000000300135085180000000030000000                                                                  
01000000300060989160000000010200000                                                                  
01000000108928007990000000007000000                                                                  
01000000113825548150000000011800000                                                                  
01000000336894029070000000011419000                                                                  
01000000202699275080000000025698400                                                                  
01000000113489013390000000034500000                                                                  
01000000113599429640000000019900000                                                                  
01000000113599522570000000006000000                                                                  
01000000115883946170000000020000000                                                                  
01000000113599026130000000035000000                                                                  
01000000113599461410000000007000000                                                                  
01000000113599502600000000015000000                                                                  
01000000115800187750000000009400000                                                                  
01000000114994470510000000004000000                                                                  
01000000308975272820000000023000000                                                                  
01000000301202755450000000002500000                                                                  
01000000108731776280000000010000000                                                                  
01000000113742905550000000009200000                                                                  
01000000309741023760000000005000000                                                                  
01000000300228587110000000014600000                                                                  
01000000302782526520000000004000000                                                                  
01000000108731384860000000030700000                                                                  
01000000108731675420000000010500000                                                                  
01000000114839338640000000004000000                                                                  
01000000113019912040000000010000000                                                                  
01000000113019916890000000020000000                                                                  
01000000113019891260000000020000000                                                                  
01000000113599214000000000003900000                                                                  
01000000114994474600000000056000000                                                                  
01000000113599361320000000008000000                                                                  
01000000113599372050000000006000000                                                                  
01000000113599430930000000050000000                                                                  
01000000113599210570000000025000000                                                                  
01000000115272133740000000015000000                                                                  
01000000113599470100000000013400000                                                                  
01000000114999061620000000020000000                                                                  
01000000108731591550000000013200000                                                                  
01000000114839404080000000005000000                                                                  
01000000113825568780000000010000000                                                                  
01000000114871154830000000010000000                                                                  
01000000300243770790000000014600000                                                                  
01000000113131877540000000005400000                                                                  
01000000113131128570000000015000000                                                                  
01000000106078513250000000011500000                                                                  
01000000106078757540000000015000000                                                                  
01000000106078750620000000009500000                                                                  
01000000114998705870000000026800000                                                                  
01000000107201098010000000015000000                                                                  
01000000107200421860000000008500000                                                                  
01000000107200993810000000012300000                                                                  
01000000107201080250000000015700000                                                                  
01000000113131866360000000015000000                                                                  
01000000107201110050000000005300000                                                                  
01000000114999061840000000025000000                                                                  
01000000303027342320000000002600000                                                                  
01000000344227608890000000005000000                                                                  
01000000344043217960000000007300000                                                                  
01000000200239787780000000007500000                                                                  
01000000200238786320000000010000000                                                                  
01000000113019982440000000025000000                                                                  
01000000115884322140000000010000000                                                                  
01000000114999063000000000010000000                                                                  
01000000104550848420000000009500000                                                                  
01000000115800122960000000014200000                                                                  
01000000308777645780000000002200000                                                                  
01000000201014079110000000005000000                                                                  
01000000108731365790000000007200000                                                                  
01000000308403532410000000010000000                                                                  
01000000201928878530000000017500000                                                                  
01000000113825552630000000008100000                                                                  
01000000113131879250000000030000000                                                                  
01000000108927887820000000012100000                                                                  
01000000108928095990000000011700000                                                                  
01000000300062057710000000008400000                                                                  
01000000301191215980000000015000000                                                                  
01000000311034547540000000019000000                                                                  
01000000116650391780000000005100000                                                                  
01000000108928023450000000008200000                                                                  
01000000108730907790000000035000000                                                                  
01000000113489002110000000011700000                                                                  
01000000107201009440000000004000000                                                                  
01000000107201061520000000015000000                                                                  
01000000309432966720000000010000000                                                                  
01000000312066610930000000010000000                                                                  
01000000316436918250000000010000000                                                                  
01000000104427826150000000012500000                                                                  
01000000115800167660000000010000000                                                                  
01000000113945377710000000019400000                                                                  
01000000300054296560000000031400000                                                                  
01000000113019902880000000012500000                                                                  
01000000113019945560000000017000000                                                                  
01000000108731587310000000016100000                                                                  
01000000113019889400000000004900000                                                                  
01000000113109910990000000020000000                                                                  
01000000113489006960000000014200000                                                                  
01000000104550906390000000006600000                                                                  
01000000113545496930000000008500000                                                                  
01000000104550588890000000015000000                                                                  
01000000114839164310000000028400000                                                                  
01000000107201028280000000020000000                                                                  
01000000113599427600000000030000000                                                                  
01000000114994469320000000015000000                                                                  
01000000202701547350000000026775200                                                                  
01000000202224517030000000017636800                                                                  
01000000114999051470000000048398900                                                                  
01000000114997167840000000008900000                                                                  
01000000108731582320000000008800000                                                                  
01000000302731410160000000004900000                                                                  
01000000300857170830000000006300000                                                                  
01000000311846779910000000006000000                                                                  
01000000106077846160000000022500000                                                                  
01000000108731772980000000017000000                                                                  
01000000114839363110000000015000000                                                                  
01000000113019916120000000004700000                                                                  
01000000113019886110000000010000000                                                                  
01000000113599555210000000008000000                                                                  
01000000106078747830000000025000000                                                                  
01000000303229352210000000012000000                                                                  
01000000200239782460000000012000000                                                                  
01000000307260054780000000003200000                                                                  
01000000329099982150000000013600000                                                                  
01000000114839390490000000007000000                                                                  
01000000108928099290000000012000000                                                                  
01000000113572318380000000012000000                                                                  
01000000116011161270000000010500000                                                                  
01000000113019924800000000004900000                                                                  
01000000115800175120000000010000000                                                                  
01000000108731055960000000040000000                                                                  
01000000113945367880000000015000000                                                                  
01000000315587013970000000020000000                                                                  
01000000107201009660000000015000000                                                                  
01000000107201027600000000010800000                                                                  
01000000300253973020000000014200000                                                                  
01000000308706276060000000009900000                                                                  
01000000113545720870000000009900000                                                                  
01000000114999018120000000015000000                                                                  
01000000349274271090000000020000000                                                                  
01000000202208719330000000010000000                                                                  
01000000308929293390000000015000000                                                                  
01000000104550458250000000020000000                                                                  
01000000115883946390000000020000000                                                                  
01000000300428992430000000020000000                                                                  
01000000113599428400000000027100000                                                                  
01000000116650555880000000020000000                                                                  
01000000307160780630000000014600000                                                                  
01000000113599417880000000010000000                                                                  
51000000338814547410000002415254300                                                                  
