51000000201211384660000000000440000                                                                  
51000000319964989210000000000440000                                                                  
51000000337135597260000000000440000                                                                  
51000000105408816570000000001000000                                                                  
51000000337196079810000000000440000                                                                  
51000000334696966670000000000440000                                                                  
51000000202554361060000000000440000                                                                  
51000000010192227550000000000440000                                                                  
51000000323164326180000000000440000                                                                  
51000000730609661410000000000440000                                                                  
51000000301482564410000000000220000                                                                  
510000000003.01E+110000000000440000                                                                  
51000000730916573430000000000440000                                                                  
51000000347008760810000000000440000                                                                  
