01000000115362277610000000002629700                                                                  
01000000303460569230000000004462700                                                                  
01000000303195728720000000002969600                                                                  
01000000115646259290000000005392200                                                                  
01000000301901461070000000002156200                                                                  
01000000201869073460000000008341700                                                                  
01000000309347694480000000004767900                                                                  
01000000318472658390000000004340600                                                                  
01000000333995165830000000002460600                                                                  
01000000301173453620000000002314900                                                                  
01000000115664446670000000001291600                                                                  
01000000202006042120000000002878200                                                                  
01000000200443432220000000005299300                                                                  
01000000302236902920000000002938400                                                                  
01000000114899711780000000000584700                                                                  
01000000201789862720000000002266900                                                                  
01000000303541841280000000003958900                                                                  
01000000106161881830000000004329100                                                                  
01000000300786028430000000003172800                                                                  
01000000202153059760000000002155100                                                                  
01000000201869073460000000003632500                                                                  
01000000201869073460000000000566700                                                                  
01000000302209909900000000004637000                                                                  
01000000202120946820000000000365700                                                                  
01000000302250142660000000002718700                                                                  
01000000302458191320000000001231400                                                                  
01000000301726609110000000002845600                                                                  
01000000202389556880000000003841500                                                                  
01000000308605551650000000002291200                                                                  
01000000300786028430000000001080000                                                                  
01000000308605551650000000000317900                                                                  
01000000305864177840000000007002100                                                                  
01000000308915668510000000002925800                                                                  
01000000303415526870000000002759600                                                                  
01000000114899711780000000002759800                                                                  
01000000115665570020000000002301400                                                                  
01000000202243086140000000002888000                                                                  
01000000106769287740000000001157400                                                                  
01000000300786032780000000003597400                                                                  
01000000305588367180000000007925500                                                                  
01000000201780473120000000003666800                                                                  
01000000201457887670000000000255100                                                                  
01000000304118052680000000005532700                                                                  
01000000202038401780000000004531400                                                                  
01000000115665570020000000000225300                                                                  
01000000304850494400000000002745700                                                                  
01000000201853763700000000002516300                                                                  
01000000305485459260000000000544900                                                                  
01000000320717256970000000002775400                                                                  
01000000200312383480000000002570400                                                                  
01000000106769287740000000004988300                                                                  
01000000201869073460000000000291200                                                                  
01000000328906864380000000002165300                                                                  
01000000302209909900000000000258300                                                                  
01000000202120946820000000001678600                                                                  
01000000201457887670000000001786800                                                                  
01000000307197261040000000002354800                                                                  
01000000115965065720000000004260000                                                                  
01000000202006042120000000000637400                                                                  
01000000305485459260000000009943600                                                                  
01000000200312027410000000004415800                                                                  
01000000304310794110000000006969400                                                                  
01000000300275180100000000003075500                                                                  
01000000106769287740000000000300000                                                                  
01000000303460724020000000004101100                                                                  
01000000334930982260000000002651500                                                                  
01000000305485459260000000000367800                                                                  
01000000114709864030000000002243800                                                                  
01000000304654863050000000002253600                                                                  
01000000201790666050000000002321500                                                                  
01000000304370423950000000002664000                                                                  
01000000302236902920000000001189200                                                                  
01000000315054479880000000000799400                                                                  
01000000311793333440000000004691000                                                                  
01000000311793333440000000002827900                                                                  
01000000305938588770000000004772600                                                                  
01000000202405693580000000001983500                                                                  
01000000310087072830000000001949000                                                                  
01000000326235222740000000001335000                                                                  
01000000201162543770000000001396100                                                                  
01000000202172639090000000001262200                                                                  
01000000309067925060000000006081500                                                                  
01000000202589865770000000003349000                                                                  
01000000300828135970000000002724200                                                                  
01000000300785977060000000002685200                                                                  
01000000310321257170000000002191000                                                                  
01000000326275185590000000001464000                                                                  
01000000326264559060000000001391100                                                                  
01000000300785977060000000001779000                                                                  
01000000309067925060000000000314500                                                                  
01000000316053672470000000000950000                                                                  
51000000338814547410000000255784000                                                                  
