01000000108451676460000000002588500                                                                  
01000000108449393210000000003183700                                                                  
01000000303505510570000000002126500                                                                  
01000000108451724420000000001358800                                                                  
01000000108450258500000000001355000                                                                  
01000000301918770570000000001410800                                                                  
01000000326729912150000000000783400                                                                  
01000000108451531230000000001321800                                                                  
01000000108451597820000000001559900                                                                  
01000000303247873370000000003386500                                                                  
01000000108451424630000000003386500                                                                  
01000000108451630060000000001238600                                                                  
01000000301800037150000000000369200                                                                  
01000000303184604220000000000735500                                                                  
01000000309767390050000000000626100                                                                  
01000000303888426570000000000912200                                                                  
01000000301917857340000000000607200                                                                  
01000000301800043120000000000369200                                                                  
01000000108451640440000000001029100                                                                  
01000000108451715730000000001552800                                                                  
01000000301816956590000000001244900                                                                  
01000000108451198300000000000534700                                                                  
01000000301782088770000000001598800                                                                  
01000000301915527980000000001772000                                                                  
01000000301782104450000000003120000                                                                  
01000000302344814570000000001546900                                                                  
01000000301915525510000000001388600                                                                  
01000000301921275470000000001314500                                                                  
01000000301915527320000000001388600                                                                  
01000000300744704000000000001245200                                                                  
01000000315590708120000000000369200                                                                  
01000000306488267100000000000859100                                                                  
01000000302901731250000000001585500                                                                  
01000000302903388490000000001473100                                                                  
01000000304153262470000000000745800                                                                  
01000000302827209320000000001069600                                                                  
01000000320488084150000000002303900                                                                  
01000000322357647890000000001388600                                                                  
01000000104162415990000000003680900                                                                  
01000000104224053130000000001226800                                                                  
01000000104224153330000000001308600                                                                  
01000000305974083570000000001509400                                                                  
01000000303847549890000000001684800                                                                  
01000000329821490820000000001816900                                                                  
01000000314971975450000000001628500                                                                  
01000000306470756260000000001600600                                                                  
51000000338814547410000000069306800                                                                  
