510000000003.47E+100000000000350000                                                                  
51000000105408722890000000002419500                                                                  
510000000003.16E+110000000000162300                                                                  
51000000333727355510000000001900000                                                                  
51000000334830532310000000000520000                                                                  
51000000315718655440000000000520000                                                                  
51000000327083235670000000000520000                                                                  
51000000324807695710000000000834000                                                                  
51000000321105298940000000000520000                                                                  
51000000200931655780000000000520000                                                                  
51000000309169074820000000000520000                                                                  
51000000322870094520000000000520000                                                                  
51000000303764455200000000003294500                                                                  
