01000000731009173400000000003600000                                                                  
01000000731043852080000000006000000                                                                  
01000000731017909880000000003000000                                                                  
01000000731044662890000000003600000                                                                  
01000000730923337120000000006000000                                                                  
01000000731044665290000000003600000                                                                  
01000000730790029700000000006000000                                                                  
01000000730926942480000000003000000                                                                  
01000000730924658750000000006000000                                                                  
01000000730926708610000000003000000                                                                  
01000000730148788520000000006000000                                                                  
01000000730783045310000000006000000                                                                  
01000000730923872040000000006000000                                                                  
01000000730950630250000000003000000                                                                  
01000000730986324670000000006000000                                                                  
01000000730927569090000000006000000                                                                  
01000000730926938670000000006000000                                                                  
01000000730316383760000000010000000                                                                  
01000000730923870770000000006000000                                                                  
01000000730896840190000000006000000                                                                  
01000000730896839120000000006000000                                                                  
01000000730827912870000000003000000                                                                  
01000000730990265900000000006000000                                                                  
01000000730823812930000000003000000                                                                  
01000000731023811810000000006000000                                                                  
01000000730926005650000000006000000                                                                  
01000000730923913890000000006000000                                                                  
01000000730010790680000000006000000                                                                  
01000000731006645020000000010000000                                                                  
01000000730926139160000000003000000                                                                  
01000000730949212470000000006000000                                                                  
01000000731038046170000000010000000                                                                  
01000000730923912870000000006000000                                                                  
01000000730926915430000000006000000                                                                  
01000000731021184940000000010000000                                                                  
01000000730942081450000000006000000                                                                  
01000000730926915090000000006000000                                                                  
01000000730940590430000000003000000                                                                  
01000000730923873730000000006000000                                                                  
01000000730986848680000000003000000                                                                  
01000000730816943650000000006000000                                                                  
01000000730927056700000000003000000                                                                  
01000000730648130560000000003000000                                                                  
01000000730927578560000000003000000                                                                  
01000000730937188610000000006000000                                                                  
01000000731038046390000000006000000                                                                  
01000000730840129820000000003000000                                                                  
01000000730924968690000000006000000                                                                  
01000000730824963840000000003000000                                                                  
01000000730926709520000000003000000                                                                  
01000000730926666390000000003000000                                                                  
01000000730942079680000000003000000                                                                  
01000000730923055820000000003000000                                                                  
01000000730944440030000000003000000                                                                  
01000000730926914520000000006000000                                                                  
01000000730784873430000000003000000                                                                  
01000000730925285430000000003000000                                                                  
01000000731010401850000000003000000                                                                  
01000000730825067560000000003000000                                                                  
01000000730926707250000000003000000                                                                  
01000000730775572110000000003000000                                                                  
01000000731010410980000000006000000                                                                  
01000000730924969490000000006000000                                                                  
01000000730950635810000000003000000                                                                  
01000000730780923870000000003000000                                                                  
01000000730941101370000000006000000                                                                  
01000000730825660570000000006000000                                                                  
01000000730927569210000000003000000                                                                  
01000000730783788320000000006000000                                                                  
01000000730950628160000000006000000                                                                  
01000000731021541140000000003000000                                                                  
01000000730900249870000000003000000                                                                  
01000000730926709180000000003000000                                                                  
01000000730476796190000000003000000                                                                  
01000000731040258890000000006000000                                                                  
01000000730993442630000000006000000                                                                  
01000000730697246360000000006000000                                                                  
01000000730795193420000000003000000                                                                  
01000000730926902540000000006000000                                                                  
01000000730949283230000000003000000                                                                  
01000000730527740840000000003000000                                                                  
01000000730997620200000000006000000                                                                  
01000000730740192530000000003000000                                                                  
01000000731008863090000000003000000                                                                  
01000000730927581800000000003000000                                                                  
01000000730701000670000000006000000                                                                  
01000000730840081360000000003000000                                                                  
01000000730950637280000000006000000                                                                  
01000000731002686660000000003000000                                                                  
01000000730943335950000000003000000                                                                  
01000000730927704460000000006000000                                                                  
01000000010200265630000000006000000                                                                  
01000000730942080320000000006000000                                                                  
01000000730950630140000000006000000                                                                  
01000000730926916000000000003000000                                                                  
01000000730828549980000000003000000                                                                  
01000000730788008340000000003000000                                                                  
01000000730927578890000000003000000                                                                  
01000000730514122530000000003000000                                                                  
01000000730284025720000000006000000                                                                  
01000000730440798410000000003000000                                                                  
01000000730783786270000000006000000                                                                  
01000000730927705480000000003000000                                                                  
01000000730787605050000000003000000                                                                  
01000000730829116410000000003000000                                                                  
01000000731010804240000000003000000                                                                  
01000000730926900720000000003000000                                                                  
01000000730786754940000000003000000                                                                  
01000000730977267200000000003000000                                                                  
01000000730494628430000000003000000                                                                  
01000000730788095090000000003000000                                                                  
01000000731006763350000000006000000                                                                  
01000000730789904820000000003000000                                                                  
01000000731008544020000000006000000                                                                  
01000000730840137810000000003000000                                                                  
01000000730828550730000000003000000                                                                  
01000000730943910360000000003000000                                                                  
01000000730901672010000000006000000                                                                  
01000000730927690880000000003000000                                                                  
01000000730735219360000000003000000                                                                  
01000000730807063590000000003000000                                                                  
01000000730795875170000000003000000                                                                  
01000000730926939920000000003000000                                                                  
01000000730824614080000000006000000                                                                  
01000000730781644560000000003000000                                                                  
01000000730926916440000000003000000                                                                  
01000000730825067890000000003000000                                                                  
01000000730926708160000000006000000                                                                  
01000000731026387960000000003600000                                                                  
01000000731026381840000000003600000                                                                  
01000000731026380040000000009000000                                                                  
01000000730998091390000000003600000                                                                  
01000000731039889440000000006000000                                                                  
01000000731015394890000000006000000                                                                  
01000000731015745260000000010000000                                                                  
01000000731015658170000000006000000                                                                  
01000000731013177390000000010000000                                                                  
01000000731020515490000000010000000                                                                  
01000000731015392290000000006000000                                                                  
01000000731015391490000000010000000                                                                  
01000000731013177280000000006000000                                                                  
01000000731013176930000000010000000                                                                  
01000000731017451200000000006000000                                                                  
01000000731015667630000000006000000                                                                  
01000000731015388050000000006000000                                                                  
01000000731036599640000000010000000                                                                  
01000000730939676680000000010000000                                                                  
01000000730764814670000000010000000                                                                  
01000000730925083000000000006000000                                                                  
01000000730926151080000000006000000                                                                  
01000000730926680140000000006000000                                                                  
01000000730878467990000000010000000                                                                  
01000000730764672590000000006000000                                                                  
01000000731041390460000000003600000                                                                  
01000000730927299640000000003000000                                                                  
01000000730613078700000000003600000                                                                  
01000000730401905680000000001200000                                                                  
01000000731043384060000000003600000                                                                  
01000000730926109150000000003600000                                                                  
01000000730611350480000000010000000                                                                  
01000000730402685160000000001200000                                                                  
01000000731043387010000000006000000                                                                  
01000000731043460970000000003600000                                                                  
01000000730805043310000000003600000                                                                  
01000000731046682860000000003600000                                                                  
01000000731043802540000000003000000                                                                  
01000000731043774560000000009000000                                                                  
01000000731044030680000000006000000                                                                  
01000000731043924970000000006000000                                                                  
01000000731043898360000000006000000                                                                  
01000000731043785410000000003000000                                                                  
01000000731043896760000000001800000                                                                  
01000000731043922820000000003000000                                                                  
01000000731043900910000000003000000                                                                  
01000000731043772520000000003000000                                                                  
01000000730776651580000000001800000                                                                  
01000000730975303290000000006000000                                                                  
01000000730975304100000000003000000                                                                  
01000000010350170190000000002400000                                                                  
01000000010350170190000000003600000                                                                  
01000000010350170190000000010000000                                                                  
01000000010350170190000000006000000                                                                  
01000000010350170190000000010000000                                                                  
01000000010350170190000000003600000                                                                  
01000000010350170190000000003600000                                                                  
01000000010350170190000000010000000                                                                  
01000000010350170190000000010000000                                                                  
01000000010350170190000000010000000                                                                  
01000000010350170190000000003000000                                                                  
01000000010350170190000000002400000                                                                  
01000000010350170190000000003600000                                                                  
01000000010350170190000000003000000                                                                  
01000000010350170190000000002400000                                                                  
01000000010350170190000000003600000                                                                  
01000000730834924140000000006000000                                                                  
01000000731053262400000000006000000                                                                  
01000000730832488070000000003600000                                                                  
01000000731015924220000000006000000                                                                  
01000000731044589270000000003600000                                                                  
01000000730803499970000000003600000                                                                  
01000000731025172830000000003600000                                                                  
01000000730995033820000000006000000                                                                  
01000000731000161850000000010000000                                                                  
01000000730989562320000000006000000                                                                  
01000000731001384000000000001200000                                                                  
01000000730993061680000000006000000                                                                  
01000000731024102490000000006000000                                                                  
01000000731027843730000000001200000                                                                  
01000000731012859110000000006000000                                                                  
01000000731022054900000000010000000                                                                  
01000000730992821920000000010000000                                                                  
01000000731020553950000000003000000                                                                  
01000000731020553730000000001200000                                                                  
01000000731040309780000000006000000                                                                  
01000000731019758230000000010000000                                                                  
01000000731019757760000000006000000                                                                  
01000000731019416780000000006000000                                                                  
01000000731020247740000000006000000                                                                  
01000000730646161830000000010000000                                                                  
01000000731019936140000000010000000                                                                  
01000000731019055160000000006000000                                                                  
01000000731020245930000000006000000                                                                  
01000000731019076250000000008400000                                                                  
01000000731019328340000000006000000                                                                  
01000000731019355180000000006000000                                                                  
01000000731009323130000000003000000                                                                  
01000000731009111110000000006000000                                                                  
01000000731009103000000000010000000                                                                  
01000000731009321860000000010000000                                                                  
01000000731009336220000000006000000                                                                  
01000000731009127160000000003000000                                                                  
01000000731009112350000000006000000                                                                  
01000000731009124220000000006000000                                                                  
01000000731009108320000000010000000                                                                  
01000000731009109890000000006000000                                                                  
01000000731009113590000000010000000                                                                  
01000000731009089580000000006000000                                                                  
01000000731009316470000000006000000                                                                  
01000000731009463820000000010000000                                                                  
01000000731009121590000000004800000                                                                  
01000000731009113150000000004800000                                                                  
01000000010010602900000000006000000                                                                  
01000000730278061880000000010000000                                                                  
01000000730223893280000000003600000                                                                  
01000000730991414230000000003600000                                                                  
01000000340948244590000000006000000                                                                  
01000000308870872180000000006000000                                                                  
01000000348913867120000000003600000                                                                  
01000000348984522370000000006000000                                                                  
01000000349011025090000000006000000                                                                  
01000000348914103840000000006000000                                                                  
01000000330011048670000000006000000                                                                  
01000000335272835430000000006000000                                                                  
01000000344223752860000000006000000                                                                  
01000000324249116740000000006000000                                                                  
01000000341401986880000000006000000                                                                  
01000000317678812030000000003000000                                                                  
01000000346881015050000000006000000                                                                  
01000000318778770850000000003000000                                                                  
01000000346672912500000000006000000                                                                  
01000000308706108290000000006000000                                                                  
01000000306519041830000000006000000                                                                  
01000000308832636860000000006000000                                                                  
01000000325892368240000000006000000                                                                  
01000000115990769070000000006000000                                                                  
01000000115990957160000000006000000                                                                  
01000000115990740470000000010000000                                                                  
01000000311645768270000000006000000                                                                  
01000000334193791250000000006000000                                                                  
01000000115990496340000000006000000                                                                  
01000000313289570150000000006000000                                                                  
01000000309010489460000000006000000                                                                  
01000000303976696230000000006000000                                                                  
01000000345237567980000000006000000                                                                  
01000000319696681370000000006000000                                                                  
01000000311152978650000000003600000                                                                  
01000000202041204760000000006000000                                                                  
01000000308032381440000000006000000                                                                  
01000000348207396370000000006000000                                                                  
01000000327167482420000000006000000                                                                  
01000000309668260930000000006000000                                                                  
01000000310774400560000000006000000                                                                  
01000000339847014780000000006000000                                                                  
01000000322596775040000000010000000                                                                  
01000000345525530900000000006000000                                                                  
01000000330547150810000000006000000                                                                  
01000000304115168660000000006000000                                                                  
01000000309984083740000000006000000                                                                  
01000000317580958320000000003600000                                                                  
01000000115990947340000000006000000                                                                  
01000000315589597220000000006000000                                                                  
01000000328320502090000000003000000                                                                  
01000000321666156670000000003600000                                                                  
01000000341472636970000000003000000                                                                  
01000000316777403430000000003600000                                                                  
01000000312684114270000000003600000                                                                  
01000000330515718440000000003600000                                                                  
01000000302888809240000000006000000                                                                  
01000000349129702550000000006000000                                                                  
01000000346763975620000000006000000                                                                  
01000000348150567950000000006000000                                                                  
01000000328540296230000000003600000                                                                  
01000000345491646440000000003600000                                                                  
01000000344585483070000000003600000                                                                  
01000000324856991880000000003600000                                                                  
01000000329176932700000000003600000                                                                  
01000000344585475290000000003600000                                                                  
01000000348041700020000000010000000                                                                  
01000000347898722230000000003000000                                                                  
01000000317354285110000000003000000                                                                  
01000000347566522510000000003000000                                                                  
01000000336992743690000000010000000                                                                  
01000000336785044130000000003000000                                                                  
01000000336898838160000000003000000                                                                  
01000000117048514740000000010000000                                                                  
01000000200282588030000000010000000                                                                  
01000000117048635140000000003000000                                                                  
01000000309606075760000000010000000                                                                  
01000000345970697420000000006000000                                                                  
01000000117048644830000000003000000                                                                  
01000000342513424680000000003000000                                                                  
01000000347593911800000000006000000                                                                  
01000000320009260890000000006000000                                                                  
01000000330584831340000000006000000                                                                  
01000000323988727980000000003000000                                                                  
01000000318518151190000000006000000                                                                  
01000000332820463020000000010000000                                                                  
01000000347956262350000000002100000                                                                  
01000000347210720430000000003000000                                                                  
01000000305120412830000000006000000                                                                  
01000000312861262770000000003000000                                                                  
01000000117048480860000000010000000                                                                  
01000000344228639090000000006000000                                                                  
01000000347956262240000000003000000                                                                  
01000000345470095770000000006000000                                                                  
01000000347827751570000000010000000                                                                  
01000000322787217890000000010000000                                                                  
01000000347998334850000000006000000                                                                  
01000000345485588010000000003000000                                                                  
01000000324088326990000000003000000                                                                  
01000000319122914600000000003000000                                                                  
01000000348238381500000000006000000                                                                  
01000000345238275360000000003000000                                                                  
01000000327948854570000000004800000                                                                  
01000000317495364270000000003000000                                                                  
01000000347210720320000000003000000                                                                  
01000000313371848690000000006000000                                                                  
01000000347210720650000000010000000                                                                  
01000000312953388600000000003000000                                                                  
01000000117048641430000000003000000                                                                  
01000000117048458570000000003000000                                                                  
01000000345974642550000000003000000                                                                  
01000000345974604100000000006000000                                                                  
01000000332826352630000000003000000                                                                  
01000000322787278830000000010000000                                                                  
01000000313370942150000000006000000                                                                  
01000000325336159440000000003000000                                                                  
01000000345485572170000000003000000                                                                  
01000000344872691700000000006000000                                                                  
01000000345229500590000000010000000                                                                  
01000000117048493960000000003000000                                                                  
01000000320466187330000000003000000                                                                  
01000000347566523200000000003000000                                                                  
01000000330388396850000000003000000                                                                  
01000000332725965850000000003000000                                                                  
01000000342918558580000000003000000                                                                  
01000000117048559230000000006000000                                                                  
01000000305307897340000000003000000                                                                  
01000000347175714020000000003000000                                                                  
01000000308578081790000000003000000                                                                  
01000000348233455630000000006000000                                                                  
01000000328471089470000000003000000                                                                  
01000000332429863090000000003000000                                                                  
01000000303856526360000000006000000                                                                  
01000000345229620090000000003000000                                                                  
01000000117048555600000000003000000                                                                  
01000000306819072700000000006000000                                                                  
01000000308232067860000000006000000                                                                  
01000000311472317250000000010000000                                                                  
01000000347825083850000000003000000                                                                  
01000000117048579420000000003000000                                                                  
01000000320816810000000000003000000                                                                  
01000000305178015810000000006000000                                                                  
01000000331560957180000000003000000                                                                  
01000000347956260860000000006000000                                                                  
01000000348238802370000000006000000                                                                  
01000000345374511900000000003000000                                                                  
01000000308130315780000000003000000                                                                  
01000000348345772720000000003000000                                                                  
01000000314323522250000000003000000                                                                  
01000000348048238600000000003000000                                                                  
01000000320406538180000000003000000                                                                  
01000000117048213250000000003000000                                                                  
01000000326654902180000000003000000                                                                  
01000000344376946140000000006000000                                                                  
01000000117048504140000000006000000                                                                  
01000000347130650690000000010000000                                                                  
01000000347294180540000000006000000                                                                  
01000000315205921190000000003000000                                                                  
01000000347294290870000000006000000                                                                  
01000000336209465380000000003000000                                                                  
01000000117048362390000000003000000                                                                  
01000000329195958380000000003000000                                                                  
01000000345974687370000000003000000                                                                  
01000000315170504000000000003000000                                                                  
01000000117048502430000000003000000                                                                  
01000000347475679660000000003000000                                                                  
01000000317718627500000000003000000                                                                  
01000000327237701310000000006000000                                                                  
01000000323854828730000000003000000                                                                  
01000000339285283190000000003000000                                                                  
01000000347956261110000000006000000                                                                  
01000000347851563720000000006000000                                                                  
01000000202176788230000000010000000                                                                  
01000000326157221710000000003000000                                                                  
01000000347811637680000000003000000                                                                  
01000000309633962100000000003000000                                                                  
01000000305291050790000000003000000                                                                  
01000000333195213720000000003000000                                                                  
01000000308396564990000000006000000                                                                  
01000000117048497590000000004800000                                                                  
01000000345974629390000000003000000                                                                  
01000000348183459560000000006000000                                                                  
01000000348954747850000000006000000                                                                  
01000000348954725300000000006000000                                                                  
01000000324256626250000000010000000                                                                  
01000000320256455250000000010000000                                                                  
01000000303233322660000000010000000                                                                  
01000000316484052960000000004500000                                                                  
01000000202041638280000000006000000                                                                  
01000000325260105380000000006000000                                                                  
01000000347923152900000000003600000                                                                  
01000000348973555520000000003600000                                                                  
01000000348973565220000000003600000                                                                  
01000000348999752990000000003600000                                                                  
01000000348999770580000000003600000                                                                  
01000000348973533940000000006000000                                                                  
01000000349279514290000000003600000                                                                  
01000000348610332390000000003600000                                                                  
01000000335086168600000000003600000                                                                  
01000000348813761150000000010000000                                                                  
01000000348811555620000000010000000                                                                  
01000000348813762730000000006000000                                                                  
01000000348811216110000000006000000                                                                  
01000000348811934720000000010000000                                                                  
01000000348812327860000000006000000                                                                  
01000000347821814480000000006000000                                                                  
01000000347792059320000000006000000                                                                  
01000000348813754850000000006000000                                                                  
01000000347787455490000000006000000                                                                  
01000000347787261050000000006000000                                                                  
01000000348763614680000000010000000                                                                  
01000000348810857390000000006000000                                                                  
01000000342376869280000000003000000                                                                  
01000000347792600740000000006000000                                                                  
01000000348316865360000000006000000                                                                  
01000000348810822840000000010000000                                                                  
01000000347787320390000000006000000                                                                  
01000000348810487860000000010000000                                                                  
01000000347787439710000000006000000                                                                  
01000000348813758600000000006000000                                                                  
01000000347792600290000000006000000                                                                  
01000000347792078930000000006000000                                                                  
01000000310548820240000000001200000                                                                  
01000000308873653900000000001200000                                                                  
01000000313756291680000000001200000                                                                  
01000000312337277460000000001200000                                                                  
01000000320414187280000000006000000                                                                  
01000000312317428250000000003000000                                                                  
01000000308707877620000000002400000                                                                  
01000000316538182180000000006000000                                                                  
01000000314612538100000000010000000                                                                  
01000000309271178220000000003000000                                                                  
01000000309364911620000000001200000                                                                  
01000000309358585880000000006000000                                                                  
01000000201430563930000000003000000                                                                  
01000000326743046410000000001200000                                                                  
01000000325812677150000000001200000                                                                  
01000000341798589170000000010000000                                                                  
01000000201430577050000000001200000                                                                  
01000000201430539480000000006000000                                                                  
01000000313294075600000000001200000                                                                  
01000000311866511090000000006000000                                                                  
01000000324907104450000000001200000                                                                  
01000000335688382260000000001200000                                                                  
01000000201097982790000000006000000                                                                  
01000000308995290270000000006000000                                                                  
01000000313552556040000000006000000                                                                  
01000000314618787070000000001800000                                                                  
01000000346671880940000000006000000                                                                  
01000000115160683940000000006000000                                                                  
01000000115160683940000000006000000                                                                  
01000000115160683940000000006000000                                                                  
01000000115160683940000000006000000                                                                  
01000000115160683940000000006000000                                                                  
01000000115160683940000000010000000                                                                  
01000000115160683940000000010000000                                                                  
51000000338814547410000002547400000                                                                  
