51000000730600643470000000010000000                                                                  
51000000730127626780000000003600000                                                                  
51000000730764949860000000006000000                                                                  
51000000730940076510000000009000000                                                                  
51000000730748609900000000006000000                                                                  
51000000730787579120000000006000000                                                                  
51000000730594935960000000006000000                                                                  
51000000730467943380000000006000000                                                                  
51000000730374773870000000006000000                                                                  
51000000730762202790000000006000000                                                                  
51000000730763081960000000003600000                                                                  
51000000730763081290000000003600000                                                                  
51000000730604033890000000006000000                                                                  
51000000338598270190000000003600000                                                                  
51000000340182385910000000006000000                                                                  
51000000338321429670000000006000000                                                                  
51000000201726366200000000004200000                                                                  
51000000330613417520000000006000000                                                                  
51000000335619734320000000003600000                                                                  
51000000327776146800000000006000000                                                                  
51000000335232766630000000006000000                                                                  
51000000305986283830000000004800000                                                                  
51000000336670262550000000006000000                                                                  
51000000202056662860000000006000000                                                                  
51000000340268554890000000003600000                                                                  
51000000329084063010000000006000000                                                                  
51000000336190673680000000006000000                                                                  
51000000321706356190000000003000000                                                                  
51000000347898799650000000004500000                                                                  
51000000337205113870000000004500000                                                                  
51000000347898215960000000004500000                                                                  
51000000336576366810000000006000000                                                                  
51000000336578673690000000006000000                                                                  
51000000345529266090000000004800000                                                                  
51000000325248177140000000006000000                                                                  
