01000000304050447290000000005271500                                                                  
01000000108735822300000000003641900                                                                  
01000000301971668420000000004028100                                                                  
01000000303932074700000000001984600                                                                  
01000000335234305820000000002071400                                                                  
01000000108450325730000000003724800                                                                  
01000000301713938640000000002138000                                                                  
01000000115455657980000000002817200                                                                  
01000000108451635400000000002334300                                                                  
01000000108450312730000000003343900                                                                  
01000000115455597170000000001643900                                                                  
01000000108451277490000000003030000                                                                  
01000000108451261000000000002763500                                                                  
01000000108451425090000000003092600                                                                  
01000000108451267120000000003402700                                                                  
01000000113279832500000000004238900                                                                  
01000000108451252980000000002880200                                                                  
01000000108451521750000000002709000                                                                  
01000000115741101340000000002062500                                                                  
01000000108451657410000000004884300                                                                  
01000000108451277270000000002223000                                                                  
01000000108451277050000000003711300                                                                  
01000000105583416450000000004327000                                                                  
01000000301700090270000000003761900                                                                  
01000000308084744480000000004743600                                                                  
01000000108450352230000000004981300                                                                  
01000000327326450430000000001281200                                                                  
01000000301782138650000000003736600                                                                  
01000000107500997150000000002313200                                                                  
01000000302160350830000000002551100                                                                  
01000000335224047230000000002758600                                                                  
01000000315697922040000000001702200                                                                  
01000000113000320650000000003827700                                                                  
01000000113000123120000000003159300                                                                  
01000000113001130700000000003924400                                                                  
01000000115455600290000000004039900                                                                  
01000000115455381300000000009900800                                                                  
01000000115455695440000000003606500                                                                  
01000000306411794620000000002535800                                                                  
01000000116097932700000000003190200                                                                  
01000000303139195280000000002885000                                                                  
01000000116970649020000000003001400                                                                  
01000000107071021990000000003704800                                                                  
01000000111462053100000000002099300                                                                  
01000000307737665840000000001885900                                                                  
01000000306683371580000000003381600                                                                  
01000000113138212060000000003368600                                                                  
01000000303259255380000000003127300                                                                  
01000000115455290230000000003914600                                                                  
01000000301747783190000000001822800                                                                  
01000000110400243200000000003218600                                                                  
01000000306428656320000000002081300                                                                  
01000000302448745690000000001771500                                                                  
01000000305835435410000000000215300                                                                  
01000000115334938270000000000403000                                                                  
01000000310503538860000000000178000                                                                  
01000000305870472090000000000297000                                                                  
01000000311788794290000000000324100                                                                  
01000000313810671860000000000191000                                                                  
01000000304977197410000000000191700                                                                  
01000000313018809030000000000211300                                                                  
01000000311386287670000000000176000                                                                  
01000000313906176960000000000137000                                                                  
01000000315187323460000000000247900                                                                  
01000000108451344840000000000874800                                                                  
01000000108450175660000000000874800                                                                  
01000000108451431600000000001967400                                                                  
01000000108451327480000000001086600                                                                  
01000000108451283570000000001681600                                                                  
01000000108451261000000000000335000                                                                  
01000000108451289920000000001086100                                                                  
01000000108451359100000000000851200                                                                  
01000000108449681930000000003180600                                                                  
01000000108451554610000000001056100                                                                  
01000000108451285390000000001261200                                                                  
01000000108451326020000000002563200                                                                  
01000000108449242020000000001483600                                                                  
01000000108451315850000000001483600                                                                  
01000000108451126420000000001465800                                                                  
01000000108449945650000000003636100                                                                  
01000000108451277500000000002371000                                                                  
01000000108451251410000000002511900                                                                  
01000000301095253320000000001192100                                                                  
01000000301437504800000000000735600                                                                  
01000000115157632850000000001409900                                                                  
01000000306031747080000000001121200                                                                  
01000000301698298280000000002452300                                                                  
01000000107693766230000000000763300                                                                  
01000000113000320650000000000889900                                                                  
01000000105583565610000000001090300                                                                  
01000000105583175550000000001504200                                                                  
01000000115455437070000000000735600                                                                  
01000000113000259550000000001552100                                                                  
01000000105583635230000000001390900                                                                  
01000000110397530170000000002009600                                                                  
01000000107500997820000000000989500                                                                  
01000000107069964030000000000735600                                                                  
01000000115455644220000000001397800                                                                  
01000000113137796250000000001349700                                                                  
01000000107501706090000000001720200                                                                  
01000000302103581910000000000735600                                                                  
01000000104218816440000000002153900                                                                  
01000000302045791620000000001691800                                                                  
01000000111461710710000000002437800                                                                  
01000000115455597170000000000335000                                                                  
01000000111461897150000000002223300                                                                  
01000000108007979860000000000899400                                                                  
01000000113000668110000000000335000                                                                  
01000000105584548190000000002021700                                                                  
01000000303417737520000000000979000                                                                  
01000000303822404660000000001115000                                                                  
01000000105583885720000000001410800                                                                  
01000000108451314270000000001820500                                                                  
01000000107069454040000000001819100                                                                  
01000000307492591210000000000935900                                                                  
01000000115274485340000000001210700                                                                  
01000000309613324850000000001245200                                                                  
01000000316643805980000000000873500                                                                  
01000000113000123010000000000933700                                                                  
01000000318576680080000000000884900                                                                  
01000000201031892300000000000933700                                                                  
01000000301748345700000000000706500                                                                  
01000000317274628240000000000706500                                                                  
01000000312377877800000000001628500                                                                  
01000000108451506650000000001198400                                                                  
01000000115274242490000000000798100                                                                  
01000000324763331890000000001499500                                                                  
01000000303121102790000000001340800                                                                  
01000000108451258220000000001678100                                                                  
01000000200976090770000000001136800                                                                  
01000000107501719760000000001186800                                                                  
01000000325763763560000000001136800                                                                  
01000000324064519780000000000735600                                                                  
01000000310692304680000000000735600                                                                  
01000000108449294710000000001869500                                                                  
01000000339854555340000000000933700                                                                  
01000000340747336090000000001766800                                                                  
51000000338814547410000000272037800                                                                  
