51000000328250045800000000003600000                                                                  
51000000330620748280000000003600000                                                                  
51000000327190606040000000004500000                                                                  
51000000329676853300000000006000000                                                                  
51000000341377057860000000006000000                                                                  
51000000338053608390000000003000000                                                                  
51000000320568441030000000006000000                                                                  
51000000111231092360000000004500000                                                                  
51000000337748024540000000006000000                                                                  
51000000337455963850000000006000000                                                                  
51000000814069235830000000006000000                                                                  
51000000871555962470000000006000000                                                                  
51000000304412026940000000006000000                                                                  
51000000814069009840000000004800000                                                                  
51000000303909203030000000006000000                                                                  
51000000330422616850000000003600000                                                                  
51000000110931969340000000006000000                                                                  
51000000325284068230000000006000000                                                                  
51000000327555277680000000006000000                                                                  
51000000329535821570000000006000000                                                                  
51000000334642210640000000006000000                                                                  
51000000112965292510000000006000000                                                                  
51000000329414885680000000006000000                                                                  
51000000112965456600000000006000000                                                                  
