51000000314382828390000000019312500                                                                  
51000000302484795100000000027190000                                                                  
51000000322121756880000000068354000                                                                  
51000000321571087580000000022394000                                                                  
51000000322016819710000000021200000                                                                  
51000000324028190950000000013215000                                                                  
51000000311478405890000000027795000                                                                  
51000000314778766320000000356062500                                                                  
51000000310077732350000000075750000                                                                  
51000000308646620720000000084577600                                                                  
51000000318981789010000000065996400                                                                  
51000000310077732350000000075750000                                                                  
51000000301044909140000000041206600                                                                  
51000000302963999320000000004286700                                                                  
51000000311583942440000000007004800                                                                  
51000000308646620720000000068710900                                                                  
51000000323923039200000000105904900                                                                  
51000000323805110930000000099,23000                                                                  
51000000347403280050000000221400300                                                                  
51000000343715285820000000016158800                                                                  
51000000321361746790000000020230000                                                                  
51000000346117659530000000002172700                                                                  
51000000346117659530000000015161900                                                                  
51000000313838277490000000011697000                                                                  
51000000312548420510000000019789100                                                                  
51000000312548420510000000018363000                                                                  
51000000312548420510000000018363000                                                                  
51000000309893318530000000005866300                                                                  
51000000305509352620000000008716000                                                                  
51000000309539183210000000005796000                                                                  
51000000322961474370000000036550000                                                                  
51000000322961474370000000036550000                                                                  
51000000322961474370000000027239000                                                                  
51000000305509352620000000008716000                                                                  
51000000030984134110000000660622700                                                                  
51000000301228029130000000118706900                                                                  
51000000303672766830000000007422300                                                                  
51000000305354322690000000001036800                                                                  
51000000316367373160000000013751500                                                                  
51000000316367373160000000010217300                                                                  
51000000316367373160000000009677000                                                                  
51000000317027866080000000160854800                                                                  
51000000329504838840000000013099300                                                                  
51000000327782678820000000034416000                                                                  
51000000327782678820000000031176000                                                                  
51000000319020972030000000104002000                                                                  
51000000319020972030000000174982000                                                                  
51000000307562832800000000052,71000                                                                  
51000000315334805690000000111375000                                                                  
51000000322271037840000000167102000                                                                  
51000000308222058420000000106382000                                                                  
51000000315334805690000000098561000                                                                  
51000000324345152270000000105952600                                                                  
51000000316289450210000000117019000                                                                  
51000000319078439740000000032572000                                                                  
51000000324345152270000000126052000                                                                  
51000000315648519150000000010742000                                                                  
51000000318717254580000000011466000                                                                  
51000000321593522060000000010984000                                                                  
51000000334187145760000000028164700                                                                  
51000000334187145760000000012253000                                                                  
51000000334187145760000000016232000                                                                  
51000000329771838250000000019046000                                                                  
51000000320232330230000000118954600                                                                  
51000000318850877560000000018285000                                                                  
51000000325992081030000000041535000                                                                  
51000000331657850650000000017937000                                                                  
51000000322724573010000000042377000                                                                  
51000000328223002860000000040119000                                                                  
51000000322742377350000000055565100                                                                  
51000000326378815560000000027572000                                                                  
51000000329291505020000000013074000                                                                  
51000000337852394170000000014312700                                                                  
51000000307332566500000000041346700                                                                  
51000000310735989790000000049377200                                                                  
51000000335189786140000000020107000                                                                  
51000000330008846970000000014206200                                                                  
51000000326515920770000000108770000                                                                  
51000000311010424700000000048481000                                                                  
51000000324396751620000000008077500                                                                  
51000000314227871890000000054392300                                                                  
51000000326515920770000000116964000                                                                  
51000000311010424700000000041886700                                                                  
