01000000113840274780000000002695000                                                                  
01000000111523386810000000004639300                                                                  
01000000116229032990000000013277900                                                                  
01000000200414952790000000004740000                                                                  
01000000112139118300000000009850200                                                                  
01000000113840870180000000004000000                                                                  
01000000116367369120000000004307600                                                                  
01000000116367369890000000004307600                                                                  
01000000304285288170000000004510200                                                                  
01000000113618518460000000005080000                                                                  
01000000302003403880000000008580000                                                                  
01000000116566344960000000006163900                                                                  
01000000116394872470000000005000000                                                                  
01000000200414948760000000004002100                                                                  
01000000318292355340000000003894800                                                                  
01000000111525413090000000005000000                                                                  
01000000116566817420000000004000000                                                                  
01000000113995717170000000004915200                                                                  
01000000329293976290000000008471700                                                                  
01000000110286326420000000008230700                                                                  
01000000116395011040000000002400000                                                                  
01000000113841043310000000006000000                                                                  
01000000113841275970000000005650000                                                                  
01000000348151706780000000002264100                                                                  
01000000201885460130000000003862900                                                                  
01000000325445766240000000002600000                                                                  
01000000349993922260000000006793600                                                                  
01000000302385840720000000002815900                                                                  
01000000111525347430000000004729100                                                                  
01000000112139639460000000005000000                                                                  
01000000312848575620000000002874700                                                                  
01000000111525372560000000004666600                                                                  
01000000113995778220000000002500000                                                                  
01000000116367324750000000002933100                                                                  
01000000111523441410000000003791100                                                                  
01000000116395063730000000003000000                                                                  
01000000111524163560000000003772600                                                                  
01000000116395029470000000004200000                                                                  
01000000317931139200000000003800000                                                                  
01000000116395129230000000004800000                                                                  
01000000113840897300000000004000000                                                                  
01000000111525351680000000007000000                                                                  
01000000116394932160000000001200000                                                                  
51000000331538657720000000206319900                                                                  
