51000000338138321030000000005000000                                                                  
51000000340022520680000000002500000                                                                  
51000000337017517410000000005000000                                                                  
51000000338734268820000000005000000                                                                  
51000000302907053900000000005000000                                                                  
51000000322287456310000000005000000                                                                  
51000000334450859510000000010000000                                                                  
51000000301642851450000000005000000                                                                  
51000000337492983530000000007500000                                                                  
51000000341902205370000000005000000                                                                  
51000000337470313110000000003000000                                                                  
51000000339241923920000000003000000                                                                  
51000000339913216570000000003000000                                                                  
51000000336710503730000000003000000                                                                  
51000000312126476400000000003000000                                                                  
51000000322703840130000000004000000                                                                  
51000000329936554270000000003750000                                                                  
51000000313383143340000000005000000                                                                  
51000000320396109690000000003000000                                                                  
51000000874305783720000000003000000                                                                  
51000000340340386470000000003000000                                                                  
51000000340340545910000000003000000                                                                  
51000000340334730790000000003000000                                                                  
51000000340333895180000000003000000                                                                  
51000000340334732060000000003500000                                                                  
51000000340342806000000000003500000                                                                  
51000000343663885400000000002500000                                                                  
51000000320130442870000000003000000                                                                  
51000000336794190830000000005000000                                                                  
51000000338718647710000000005000000                                                                  
51000000337493959460000000003000000                                                                  
51000000337491709540000000003000000                                                                  
51000000337520797970000000003000000                                                                  
51000000338082765700000000005000000                                                                  
51000000338167112870000000005000000                                                                  
51000000338082759300000000005000000                                                                  
51000000335722966370000000005000000                                                                  
51000000336895502850000000005000000                                                                  
51000000339183032380000000003000000                                                                  
51000000335721177410000000005000000                                                                  
51000000337055144890000000005000000                                                                  
51000000339183095030000000003000000                                                                  
51000000114867978490000000005000000                                                                  
51000000330766851290000000005000000                                                                  
51000000338912925500000000010000000                                                                  
51000000112500561480000000010000000                                                                  
51000000325283550940000000005000000                                                                  
51000000336958318580000000005000000                                                                  
51000000115157679830000000007500000                                                                  
51000000330006564120000000005000000                                                                  
51000000324047640180000000005000000                                                                  
51000000317355409170000000003000000                                                                  
51000000339367367030000000003000000                                                                  
51000000202123160400000000005000000                                                                  
51000000326413116240000000005000000                                                                  
51000000327963371670000000005000000                                                                  
51000000339473254740000000005000000                                                                  
51000000115335171140000000005000000                                                                  
51000000309422709500000000005000000                                                                  
51000000116008410430000000005000000                                                                  
51000000332214683490000000005000000                                                                  
51000000107229914510000000004500000                                                                  
51000000338101060470000000005000000                                                                  
51000000314480090830000000005000000                                                                  
51000000339272191200000000005000000                                                                  
51000000337048770130000000005000000                                                                  
51000000333007675200000000005000000                                                                  
51000000335688409830000000005000000                                                                  
51000000335738157450000000005000000                                                                  
51000000321704419640000000005000000                                                                  
51000000337047612130000000005000000                                                                  
51000000346201778120000000005000000                                                                  
51000000313761252620000000005000000                                                                  
51000000341614380280000000005000000                                                                  
51000000201555546670000000005000000                                                                  
51000000307522306940000000005000000                                                                  
51000000344281120720000000005000000                                                                  
51000000346626882850000000005000000                                                                  
51000000346628716870000000005000000                                                                  
51000000312952060940000000005000000                                                                  
51000000330204680170000000005000000                                                                  
51000000317394642590000000005000000                                                                  
51000000310811095370000000005000000                                                                  
51000000116448934220000000005000000                                                                  
51000000335084172860000000005000000                                                                  
51000000317958092870000000005000000                                                                  
51000000326789019720000000005000000                                                                  
51000000731004219220000000010000000                                                                  
51000000334710236290000000010000000                                                                  
51000000343155004820000000010000000                                                                  
