01000000200715455010000000000030800                                                                  
01000000100742805220000000000849700                                                                  
01000000100742629220000000000149600                                                                  
01000000305011616700000000001668600                                                                  
01000000113572183970000000002444300                                                                  
01000000302684698600000000000596900                                                                  
01000000116437073920000000000240200                                                                  
01000000305858489270000000016800900                                                                  
01000000337534637630000000021215900                                                                  
01000000340435200300000000019364900                                                                  
01000000202421290540000000001000000                                                                  
01000000201685960020000000001000000                                                                  
01000000108730716100000000031765000                                                                  
01000000349873281410000000011849300                                                                  
51000000338814547410000000108976100                                                                  
