01000000304024044590000000002100000                                                                  
01000000109342084260000000002600000                                                                  
01000000304960670800000000001700000                                                                  
01000000348689459210000000005421300                                                                  
01000000328013591550000000001000000                                                                  
01000000114751781300000000003300000                                                                  
01000000114751744750000000003270000                                                                  
01000000102718047680000000002557400                                                                  
01000000107664195950000000003733800                                                                  
01000000200136642760000000004500000                                                                  
01000000110032501390000000010074100                                                                  
01000000300095639260000000008248600                                                                  
01000000201770292680000000006318800                                                                  
01000000202061092900000000000480000                                                                  
01000000112473822590000000001600000                                                                  
01000000303465078090000000001910900                                                                  
01000000110032465320000000011200000                                                                  
01000000314887122960000000008394200                                                                  
01000000200881113920000000005572000                                                                  
01000000200136319650000000007122900                                                                  
01000000201300900870000000004461700                                                                  
01000000200136672440000000003400000                                                                  
01000000113068004100000000005278400                                                                  
01000000306288324900000000005149300                                                                  
01000000307916978230000000007116200                                                                  
01000000303914280610000000005818700                                                                  
01000000201300888960000000005315000                                                                  
01000000113262238020000000017347200                                                                  
01000000311525043890000000004185600                                                                  
01000000108895931850000000006523600                                                                  
01000000109342341270000000004558600                                                                  
01000000110906759970000000004304000                                                                  
01000000112471096640000000001210900                                                                  
01000000201572871880000000009949900                                                                  
01000000347075098310000000003597500                                                                  
01000000113732073070000000001640000                                                                  
51000000338814547410000000180960600                                                                  
