01000000112829044340000000004600000                                                                  
01000000307441448520000000004500000                                                                  
01000000104224786320000000005000000                                                                  
01000000107071011840000000019000000                                                                  
01000000310546872830000000009000000                                                                  
01000000107070734160000000009000000                                                                  
01000000115455442460000000010000000                                                                  
01000000113000548280000000015500000                                                                  
01000000113000341530000000010000000                                                                  
01000000113000073120000000007500000                                                                  
01000000110930953800000000035000000                                                                  
01000000113000387600000000007500000                                                                  
01000000109419934140000000016000000                                                                  
01000000115335041150000000030000000                                                                  
01000000110400209820000000008000000                                                                  
01000000309932233210000000010000000                                                                  
01000000115831897830000000010000000                                                                  
01000000115708676740000000005000000                                                                  
01000000110399381230000000040000000                                                                  
01000000110399986820000000011000000                                                                  
01000000305432257070000000008600000                                                                  
01000000115831901970000000014400000                                                                  
01000000110399828540000000011900000                                                                  
01000000110400114790000000008800000                                                                  
01000000200500824520000000003500000                                                                  
01000000111462211720000000020000000                                                                  
01000000337497069850000000025000000                                                                  
01000000111462387650000000012000000                                                                  
01000000107502257430000000015000000                                                                  
01000000107070721950000000008000000                                                                  
51000008448109030010000000393800000                                                                  
