01000000303227746350000000034162800                                                                  
01000000116755132310000000044178700                                                                  
01000000308635801770000000034075800                                                                  
01000000115375347690000000014691600                                                                  
01000000311659929830000000018814900                                                                  
01000000306396547840000000011053300                                                                  
01000000115334924940000000016909100                                                                  
01000000115334904070000000008415000                                                                  
01000000115335295490000000007969400                                                                  
01000000311659966470000000014449200                                                                  
01000000310490672090000000001557500                                                                  
51000000338814547410000000206277300                                                                  
