01000000302447985190000000003023700                                                                  
01000000304277654300000000002993200                                                                  
01000000109398108900000000006834900                                                                  
01000000336230444250000000004178700                                                                  
01000000336963842510000000002805800                                                                  
01000000308027638650000000003505700                                                                  
01000000336241862430000000002605300                                                                  
01000000311086196000000000001367600                                                                  
01000000301174856940000000001432900                                                                  
01000000336241476900000000003028500                                                                  
01000000336242294380000000002459500                                                                  
01000000336237952780000000002979800                                                                  
01000000336237517280000000002081800                                                                  
01000000336210506660000000002450300                                                                  
01000000202060269140000000002847800                                                                  
01000000336221545420000000002382300                                                                  
01000000107309956250000000002048300                                                                  
01000000317679800210000000001826000                                                                  
01000000336242036010000000001769500                                                                  
01000000336208365920000000001691500                                                                  
01000000109342429340000000001701200                                                                  
01000000336242376750000000002154200                                                                  
01000000336223669750000000002000200                                                                  
01000000336272790770000000002888500                                                                  
01000000300449317410000000003515700                                                                  
01000000336225296030000000003068200                                                                  
01000000336225334380000000001750800                                                                  
01000000315099588850000000002042300                                                                  
01000000336237726460000000002402700                                                                  
01000000304499737260000000002523400                                                                  
01000000305509597260000000002315500                                                                  
01000000312835686270000000002481800                                                                  
01000000304145046970000000002291700                                                                  
01000000300355678730000000002633800                                                                  
01000000109342426160000000002075300                                                                  
01000000336239055770000000002532400                                                                  
01000000336250371970000000002970200                                                                  
01000000302745680460000000001690100                                                                  
01000000336213152520000000001803600                                                                  
01000000301950832970000000001594100                                                                  
01000000336216184730000000002956000                                                                  
01000000115178943190000000002172600                                                                  
01000000304399346320000000003358000                                                                  
01000000338997104670000000001494600                                                                  
01000000304434114700000000001410800                                                                  
01000000336253522450000000001919300                                                                  
01000000201889289880000000005347000                                                                  
01000000315099588850000000007546200                                                                  
01000000311086196000000000007629500                                                                  
01000000336241862430000000001409900                                                                  
51000000338814547410000000135992700                                                                  
