01000000112572051080000000028554900                                                                  
01000000115774720120000000019271400                                                                  
01000000113019150290000000025862400                                                                  
01000000306558563380000000016074000                                                                  
01000000308629071060000000021355400                                                                  
01000000112495957860000000034574000                                                                  
01000000110697197850000000031955500                                                                  
01000000332624315030000000027318000                                                                  
01000000115346170270000000017263800                                                                  
01000000311254360580000000021203300                                                                  
01000000327914344620000000010171500                                                                  
01000000330604495530000000012074800                                                                  
01000000111091170180000000017117000                                                                  
01000000113137351230000000019342000                                                                  
01000000115490770250000000009717300                                                                  
01000000113188950250000000032215900                                                                  
01000000106262024030000000025240400                                                                  
51000000338814547410000000369311600                                                                  
