51000000200384773010000000244483600                                                                  
51000000300887741510000000155630000                                                                  
51000000335237492800000000331517700                                                                  
51000000110032123540000000196724200                                                                  
51000000109057509510000000232458000                                                                  
51000000116439700120000000064294500                                                                  
51000000305687097220000000100103000                                                                  
51000000303236222070000000747790800                                                                  
51000000319385578630000000268447900                                                                  
51000000112545946270000000113357100                                                                  
51000000317250420510000000065251600                                                                  
510000000003.07E+110000000158777400                                                                  
51000000114899371590000000050314300                                                                  
51000000329865261600000000106555300                                                                  
51000000111016823070000000146400400                                                                  
