01000000337375964870000000006000000                                                                  
01000000348333079650000000010000000                                                                  
01000000337940873360000000010000000                                                                  
01000000337346381380000000006000000                                                                  
01000000337372616090000000006000000                                                                  
01000000301230605030000000006000000                                                                  
01000000107557051560000000006000000                                                                  
01000000322405588590000000006000000                                                                  
01000000336082939020000000004500000                                                                  
01000000336082863050000000004500000                                                                  
01000000335440792390000000004500000                                                                  
01000000321327767790000000006000000                                                                  
01000000309722309900000000006000000                                                                  
01000000328564420290000000006000000                                                                  
01000000334595460440000000010000000                                                                  
01000000115490863030000000010000000                                                                  
01000000333909508360000000006000000                                                                  
01000000324709471390000000006000000                                                                  
01000000329868609330000000010000000                                                                  
51999999999999999990000000129500000                                                                  
