01000000115232163880000000000297500                                                                  
01000000336368130450000000000297500                                                                  
01000000308418689320000000000297500                                                                  
01000000313768166900000000000297500                                                                  
01000334522100109080000000000297500                                                                  
01000000349566945560000000000297500                                                                  
01000000344620220620000000000297500                                                                  
01000000105989732570000000000297500                                                                  
01000000302180128360000000000297500                                                                  
01000000106162515550000000000297500                                                                  
01000000104877521010000000000297500                                                                  
01000000307382927290000000000174000                                                                  
01000000200908306830000000000174000                                                                  
01000000301997952450000000000174000                                                                  
01000000310845993780000000000174000                                                                  
01000000200409298640000000000174000                                                                  
01000000340936083710000000000174000                                                                  
01000000101498238280000000000174000                                                                  
01000000311315011890000000000213500                                                                  
01000000338019359840000000000213500                                                                  
01000000303745147670000000000213500                                                                  
01000000321371539320000000000213500                                                                  
01000000111070545910000000006034000                                                                  
01000000329078162400000000007448000                                                                  
01000051701000308420000000000337000                                                                  
01000000200466409480000000000337000                                                                  
01000000200408637760000000000337000                                                                  
01000000300459164380000000000337000                                                                  
01000000337138138430000000000212000                                                                  
01000000201909108280000000000187000                                                                  
01000000310488328200000000000187000                                                                  
01000000201814797990000000000187000                                                                  
01000000349694621900000000000213200                                                                  
01000000200194741980000000000187000                                                                  
01000000104327071620000000000292000                                                                  
01000000104427848270000000000243000                                                                  
01000000101497834750000000000493500                                                                  
01000000308691000610000000000166000                                                                  
01000000345570485160000000000136200                                                                  
01000000200604622510000000000217100                                                                  
01000000342793422520000000000217100                                                                  
01000000303754222070000000000217100                                                                  
01000000335903874980000000000217100                                                                  
01000000201762285170000000000217100                                                                  
01000000309247820860000000000217100                                                                  
01000000319210254180000000000217100                                                                  
01000000312712623320000000000217100                                                                  
01000000300332367960000000000217100                                                                  
51000000000000000130000000024632300                                                                  
