01000000320613910960000000005864300                                                                  
01000000103660919420000000003864900                                                                  
01000000306430467910000000002238700                                                                  
01000000307127603130000000002560200                                                                  
01000000304713478280000000003209200                                                                  
01000000304698797540000000008091300                                                                  
01000000304699506710000000002750700                                                                  
01000000301829678270000000002405500                                                                  
01000000302425220420000000001911400                                                                  
01000000305032028440000000000709300                                                                  
01000000115022664590000000001156000                                                                  
01000000304832427970000000001678700                                                                  
01000000301497722590000000005038900                                                                  
01000000306606559070000000003553100                                                                  
01000000304709065150000000004133900                                                                  
01000000116579205760000000001723200                                                                  
01000000304696019040000000004167600                                                                  
01000000301957139790000000004347500                                                                  
01000000300596844770000000002544200                                                                  
01000000113679882960000000002521000                                                                  
01000000314761175190000000001385100                                                                  
01000000320333401460000000002594400                                                                  
01000000308299857980000000001627600                                                                  
01000000304914389830000000004569800                                                                  
01000000114966102370000000002595600                                                                  
01000000304711311930000000002648900                                                                  
01000000115022333090000000003582900                                                                  
01000000304857717940000000003423900                                                                  
01000000113269725010000000002703100                                                                  
01000000303567635990000000001812100                                                                  
01000000113269752060000000003146900                                                                  
01000000311697814800000000004307300                                                                  
01000000113269772810000000002627100                                                                  
01000000310348527520000000001470200                                                                  
01000000115486371720000000004120100                                                                  
01000000305078968810000000002035400                                                                  
01000000114871158680000000002030300                                                                  
01000000115486414290000000002478100                                                                  
01000000335193699180000000001759900                                                                  
01000000115192524940000000003193100                                                                  
01000000113679882850000000002826500                                                                  
01000000308956002440000000001607900                                                                  
01000000324044099380000000001482000                                                                  
01000000307751023270000000002429400                                                                  
01000000114992492420000000000299600                                                                  
01000000304379516380000000002880100                                                                  
01000000113361504210000000002927600                                                                  
01000000304895054010000000002121500                                                                  
01000000305124546100000000001364300                                                                  
01000000305259715190000000003506800                                                                  
01000000318545878570000000001411000                                                                  
01000000306757889530000000003909100                                                                  
01000000302191970200000000002909800                                                                  
01000000115425372640000000007782900                                                                  
01000000115068088420000000001651200                                                                  
01000000304865854920000000004445300                                                                  
01000000340595131610000000001633300                                                                  
01000000303102295600000000002229300                                                                  
01000000304713554760000000001865000                                                                  
01000000303256609540000000003299800                                                                  
01000000308943621300000000002170600                                                                  
01000000308100729690000000002669700                                                                  
01000000303551948720000000002550400                                                                  
01000000114966579130000000002489400                                                                  
01000000115068136580000000002587900                                                                  
01000000113361243330000000001891100                                                                  
01000000302425293210000000001919700                                                                  
01000000115219511910000000001634500                                                                  
01000000301236975980000000001248500                                                                  
01000000113269274230000000001641500                                                                  
01000000307282767860000000002021900                                                                  
01000000306946023870000000001272800                                                                  
01000000317910643370000000002555400                                                                  
01000000106042441210000000002536200                                                                  
01000000304056678350000000002748200                                                                  
01000000307527370350000000001818700                                                                  
01000000113269650720000000001931600                                                                  
01000000116579215140000000001482100                                                                  
01000000106044164650000000001708900                                                                  
01000000104816061770000000001820900                                                                  
01000000303674841620000000000814100                                                                  
01000000115219378910000000001466200                                                                  
01000000302941979050000000001397900                                                                  
01000000303444779880000000001446200                                                                  
01000000115068197070000000001542800                                                                  
01000000304948326350000000000739300                                                                  
01000000115486333590000000001388700                                                                  
01000000102417683600000000001269300                                                                  
01000000303552966140000000001360300                                                                  
01000000303256620000000000001589200                                                                  
01000000115486365760000000001666800                                                                  
01000000303493393180000000001366400                                                                  
01000000114966415950000000000735600                                                                  
01000000109057854190000000000749400                                                                  
01000000108896540500000000000706500                                                                  
01000000303996491390000000001578300                                                                  
01000000303567635990000000000798900                                                                  
01000000304012739680000000000763300                                                                  
01000000306375148400000000000763300                                                                  
01000000303552897430000000000735600                                                                  
01000000303542907590000000000763300                                                                  
01000000303246287410000000001017500                                                                  
01000000106043081640000000000761400                                                                  
01000000303680854950000000000763300                                                                  
01000000303379788580000000000763300                                                                  
01000000113362219610000000000573900                                                                  
01000000306543325420000000000763300                                                                  
01000000303102295600000000000426000                                                                  
01000000113679740990000000000763300                                                                  
01000000115022307720000000000763300                                                                  
01000000313453273990000000001459500                                                                  
01000000115486419060000000000968000                                                                  
01000000314163065510000000000947700                                                                  
01000000320496066760000000001185800                                                                  
01000000328013376740000000001766800                                                                  
01000000329583991440000000001316000                                                                  
01000000335193699180000000000867500                                                                  
01000000317613748110000000002786100                                                                  
01000000340595131610000000000600800                                                                  
01000000343019982760000000002010400                                                                  
01000000305010689990000000002023600                                                                  
01000000202435191890000000001308700                                                                  
51000000008448120030000000259341400                                                                  
