01000000202222788840000000000375000                                                                  
01000000300523037380000000000195500                                                                  
01000000304347330440000000000286000                                                                  
01000000319589755920000000001340000                                                                  
01000000200847240510000000000784000                                                                  
01000000300053937180000000000088000                                                                  
01000000309549958590000000000681000                                                                  
01000000103661342290000000000931400                                                                  
01000000307970321910000000000685300                                                                  
01000000303721268560000000002369000                                                                  
01000000330417866470000000002213000                                                                  
01000000303595655400000000002180600                                                                  
01000000303590430010000000002488000                                                                  
51000000309271209360000000014616800                                                                  
