01000000301678561390000000009300000                                                                  
01000000110033761620000000003300000                                                                  
01000000306694472850000000006531800                                                                  
01000000106163191400000000005713900                                                                  
01000000105295928760000000002600000                                                                  
01000000301888263140000000004118900                                                                  
01000000115000242380000000007119100                                                                  
01000000318823091270000000007000000                                                                  
01000000202444999160000000002674700                                                                  
01000000115000466370000000003499200                                                                  
01000000114999962710000000001378700                                                                  
01000000315422626740000000008000000                                                                  
01000000315998508520000000000550000                                                                  
01000000315397501330000000002670000                                                                  
01000000302201847650000000001870000                                                                  
01000000115840652010000000003860000                                                                  
01000000115773540980000000002866400                                                                  
01000000102923874090000000002460000                                                                  
01000000202005234890000000002513900                                                                  
01000000302075907060000000006763400                                                                  
01000000308681363730000000005800000                                                                  
01000000113402435920000000010546500                                                                  
01000000105295430230000000006955700                                                                  
01000000105295874580000000004200000                                                                  
01000000106163190370000000009013600                                                                  
01000000315382730910000000008234300                                                                  
01000000111174034850000000002000000                                                                  
01000000113677216050000000009000000                                                                  
01000000110465217790000000002370000                                                                  
01000000201623292700000000002200000                                                                  
01000000109193622940000000002000000                                                                  
01000000200079540750000000011275100                                                                  
01000000309194659610000000006661200                                                                  
01000000311937523680000000012817300                                                                  
01000000200311391310000000004914300                                                                  
01000000315986716690000000001514500                                                                  
01000000314797434850000000001030000                                                                  
01000000309001783520000000006000000                                                                  
01000000201026110290000000002000000                                                                  
01000000105989358020000000004139800                                                                  
01000000300543213710000000008188600                                                                  
01000000109128936290000000001800000                                                                  
01000000109128838260000000004795300                                                                  
01000000105295928430000000002840000                                                                  
01000000109385673560000000002214500                                                                  
01000000306011271150000000001450000                                                                  
01000000112047106660000000003230400                                                                  
01000000103579391980000000002900000                                                                  
01000000304288567910000000005594800                                                                  
01000000314318419760000000009444800                                                                  
01000000116955528010000000004300000                                                                  
51000000350044370940000000244220700                                                                  
