01000000339970356040000000003000000                                                                  
01000000346877273840000000003000000                                                                  
01000000335385594630000000003000000                                                                  
01000000336895446350000000002500000                                                                  
01000000335383015930000000003000000                                                                  
01000000335383032160000000003000000                                                                  
01000000336856095190000000005000000                                                                  
01000000329509199670000000005000000                                                                  
01000000336304735340000000005000000                                                                  
51999999999999999990000000032500000                                                                  
