51000000329443869580000000006000000                                                                  
51000000202000952250000000003600000                                                                  
51000000317894516710000000006000000                                                                  
51000000115790797190000000006000000                                                                  
51000000335287892390000000006000000                                                                  
51000000332321802230000000006000000                                                                  
51000000332321802230000000003000000                                                                  
51000000116097825540000000006000000                                                                  
51000000309052093990000000003000000                                                                  
51000000114527239110000000003000000                                                                  
51000000338005975650000000003000000                                                                  
51000000335275151450000000003000000                                                                  
51000000338596091140000000003600000                                                                  
