51000000200274334800000000003562400                                                                  
51000000324911343670000000005820200                                                                  
51000000201244536000000000003684900                                                                  
51000000200733476080000000032922400                                                                  
51000000100898638010000000004946200                                                                  
51000000308017694380000000002917800                                                                  
51000000310209705430000000003990800                                                                  
51000000311851150670000000001499400                                                                  
51000000310978675940000000003388200                                                                  
51000000302786770170000000001046600                                                                  
51000000343080712770000000001506600                                                                  
51000000104286767620000000001203500                                                                  
