010000001133502296600000043562.0000                                                                  
010000001114619166600000033549.0000                                                                  
010000003011230899200000022551.0000                                                                  
010000001152745228800000039745.0000                                                                  
010000003025182667300000024519.0000                                                                  
010000003023419402000000022833.0000                                                                  
010000003037704083700000026447.0000                                                                  
010000001043738055900000013267.0000                                                                  
010000001152745229900000021044.0000                                                                  
010000003018169621100000019857.0000                                                                  
010000003045406663100000013860.0000                                                                  
010000003018000371500000027550.0000                                                                  
010000003018000503200000027561.0000                                                                  
51000000338814547410000000033634500                                                                  
