51000000010346566580000000000900000                                                                  
51000000010346566580000000006000000                                                                  
51000000010346566580000000006000000                                                                  
51000000010346566580000000006000000                                                                  
51000000010346566580000000006000000                                                                  
51000000010346566580000000010000000                                                                  
51000000010346566580000000010000000                                                                  
51000000010346566580000000006000000                                                                  
51000000010346566580000000000900000                                                                  
51000000010346566580000000002400000                                                                  
51000000010346566580000000000900000                                                                  
51000000010346566580000000000900000                                                                  
51000000010346566580000000002400000                                                                  
51000000347970939500000000006000000                                                                  
51000000334308028960000000006000000                                                                  
51000000116179783430000000004800000                                                                  
51000000116179648730000000010000000                                                                  
51000000317030145620000000006000000                                                                  
51000000340938683520000000006000000                                                                  
