51000000112139704210000000001000000                                                                  
51000000111525254780000000001000000                                                                  
51000000314620344880000000001000000                                                                  
51000000314540573470000000001000000                                                                  
51000000105408825490000000001000000                                                                  
51000000106676491570000000001000000                                                                  
51000000314504890190000000001000000                                                                  
51000000314525414340000000001000000                                                                  
51000000112471226200000000001000000                                                                  
51000000306575693180000000001000000                                                                  
51000000116184474920000000001000000                                                                  
51000000108264582090000000001000000                                                                  
51000000317180187200000000001000000                                                                  
51000000312581584520000000001000000                                                                  
51000000307757969250000000002500000                                                                  
51000000105351658680000000002500000                                                                  
51000000115597209420000000002500000                                                                  
51000000108449780210000000002500000                                                                  
51000000200414920410000000001000000                                                                  
51000000101261709640000000001000000                                                                  
51000000321829141010000000001000000                                                                  
51000000111173173470000000001000000                                                                  
51000000201602626450000000001000000                                                                  
51000000300860374930000000001000000                                                                  
51000000106769008710000000001000000                                                                  
51000000200239729810000000001000000                                                                  
51000000341708556850000000001000000                                                                  
51000000311489318940000000001000000                                                                  
51000000200794737160000000001000000                                                                  
51000000308438094630000000001000000                                                                  
51000000315908981010000000001000000                                                                  
51000000109574538560000000001000000                                                                  
51000000102485432030000000001000000                                                                  
51000000300230985750000000001000000                                                                  
51000000113137700210000000001000000                                                                  
51000000307709282220000000001000000                                                                  
51000000109573657980000000001000000                                                                  
51000000327483634120000000001000000                                                                  
51000000317889846330000000001000000                                                                  
