01000000307128218780000000005753200                                                                  
01000000302894964920000000002543900                                                                  
01000000310097696020000000006000000                                                                  
01000000109764809570000000007000000                                                                  
01000000302684775090000000006700000                                                                  
01000000116452310690000000007326600                                                                  
01000000108974720580000000012000000                                                                  
01000000307888688070000000003027600                                                                  
01000000108974855800000000003600000                                                                  
01000000305434918710000000003654000                                                                  
01000000116452366790000000006000000                                                                  
01000000113891781270000000007800000                                                                  
01000000113891770100000000005500000                                                                  
01000000113731929780000000008000000                                                                  
01000000109574512580000000003971200                                                                  
01000000109573986990000000004269100                                                                  
01000000113101509180000000006100000                                                                  
01000000113327971540000000001250000                                                                  
01000000109573841760000000006724100                                                                  
01000000109574354290000000005000000                                                                  
01000000113891781380000000009000000                                                                  
01000000110269683350000000003064300                                                                  
01000000113102076050000000009835500                                                                  
01000000115604788400000000004000000                                                                  
01000000113101750360000000006100000                                                                  
01000000307451709150000000003937600                                                                  
01000000316633226270000000002600000                                                                  
01000000113328016160000000003000000                                                                  
01000000108974856580000000003800000                                                                  
01000000109574138910000000003500000                                                                  
01000000113210225870000000003900000                                                                  
01000000304335438940000000003686500                                                                  
01000000113327894160000000004900000                                                                  
01000000113328106320000000003800000                                                                  
01000000300906376970000000008059500                                                                  
01000000322061336660000000005000000                                                                  
01000000113102075040000000007200000                                                                  
01000000110269748030000000001100000                                                                  
01000000113892071490000000006100000                                                                  
51000000331471945390000000204803100                                                                  
