51000000730940060120000000004800000                                                                  
51000000730930033070000000004800000                                                                  
51000000730561883820000000004800000                                                                  
51000000010030527540000000002400000                                                                  
51000000730782816030000000003600000                                                                  
51000000730764435230000000004800000                                                                  
51000000730779056340000000006000000                                                                  
51000000336527871260000000006000000                                                                  
51000000336525789400000000006000000                                                                  
51000000336425793330000000006000000                                                                  
51000000308925804890000000006000000                                                                  
51000000335712134580000000006000000                                                                  
51000000329959192070000000006000000                                                                  
51000000336468717970000000006000000                                                                  
51000000200276774490000000006000000                                                                  
51000000318959396200000000006000000                                                                  
51000000331212308300000000003000000                                                                  
51000000339140648370000000006000000                                                                  
51000000202008228650000000006000000                                                                  
51000000335714428970000000010000000                                                                  
51000000346249780140000000003000000                                                                  
51000000345736527240000000003000000                                                                  
51000000330220538720000000003000000                                                                  
51000000310677701430000000010000000                                                                  
51000000335716666010000000003000000                                                                  
51000000320464882700000000004200000                                                                  
51000000336038856870000000006000000                                                                  
51000000325787071060000000004500000                                                                  
