510000003085591781600000311291.0000                                                                  
510000003233502322600000360492.0000                                                                  
510000001116486542300000307656.0000                                                                  
510000001130860504300000060840.0000                                                                  
510000001149997458600000127533.0000                                                                  
510000001112169501700000789073.0000                                                                  
510000003036548468500000366453.0000                                                                  
510000001136793164500000324089.0000                                                                  
510000001144933234400000818428.0000                                                                  
510000003326211774400000003738.0000                                                                  
510000001102587903600000124527.0000                                                                  
510000001113752538600000401477.0000                                                                  
510000001070691922400000169370.0000                                                                  
510000001129999040300000182867.0000                                                                  
510000001156458701700000209840.0000                                                                  
510000001125448626000000522575.0000                                                                  
510000001134884628600000530745.0000                                                                  
510000003054106222000000136891.0000                                                                  
510000003251123490800000215062.0000                                                                  
510000001130191501800000185086.0000                                                                  
510000003034538936400000023285.0000                                                                  
510000001124999519400000301050.0000                                                                  
510000001127997003700000520973.0000                                                                  
510000001158416224900000152708.0000                                                                  
510000001134884637700000409567.0000                                                                  
510000003233802577500000056861.0000                                                                  
510000001127997005900000199693.0000                                                                  
510000003036902066100000063852.0000                                                                  
510000003085591781600000053657.0000                                                                  
510000003233502322600000127276.0000                                                                  
510000001116486542300000002387.0000                                                                  
510000001130860504300000001560.0000                                                                  
510000001149997458600000001688.0000                                                                  
510000001112169501700000086405.0000                                                                  
510000003036548468500000116090.0000                                                                  
510000001136793164500000001200.0000                                                                  
510000001144933234400000088608.0000                                                                  
510000001102587903600000035788.0000                                                                  
510000003325404940800000051440.0000                                                                  
510000001113752538600000115905.0000                                                                  
510000001070691922400000005340.0000                                                                  
510000001156458701700000118413.0000                                                                  
510000001125448626000000625016.0000                                                                  
510000001134884628600000084798.0000                                                                  
510000003054106222000000012220.0000                                                                  
510000003251123490800000283261.0000                                                                  
510000001130191501800000074724.0000                                                                  
510000003034538936400000008000.0000                                                                  
510000001124999519400000179718.0000                                                                  
510000001158416224900000001638.0000                                                                  
510000001134884637700000233260.0000                                                                  
510000003036902066100000127622.0000                                                                  
