010000003085591781600001030775.0000                                                                  
010000003233502322600000098031.0000                                                                  
010000001116486542300001127929.0000                                                                  
010000001130860504300001361856.0000                                                                  
010000001149997458600000818923.0000                                                                  
010000001112169501700001431401.0000                                                                  
010000003036548468500000610156.0000                                                                  
010000003457887038300000764490.0000                                                                  
010000001136793164500000293127.0000                                                                  
010000001144933234400001153538.0000                                                                  
010000001102587903600001436734.0000                                                                  
010000001113752538600000648805.0000                                                                  
010000001070691922400000914607.0000                                                                  
010000001129999040300000856233.0000                                                                  
010000001156458701700001010326.0000                                                                  
010000001125448626000000974990.0000                                                                  
010000001134884628600001413458.0000                                                                  
010000003054106222000000633443.0000                                                                  
010000003251123490800000110662.0000                                                                  
010000001130191501800001341969.0000                                                                  
010000003034538936400000122185.0000                                                                  
010000001124999519400000395552.0000                                                                  
010000001127997003700001317630.0000                                                                  
010000001158416224900001219841.0000                                                                  
010000001102587904700001412754.0000                                                                  
010000001134884637700001856250.0000                                                                  
010000003233802577500000075457.0000                                                                  
010000001127997005900001901139.0000                                                                  
010000003036902066100000103038.0000                                                                  
01000000115490770250000000061143700                                                                  
01000000202629639510000000006135600                                                                  
01000000202629639400000000003719700                                                                  
51000000338814547410000002714528900                                                                  
