51000000113707945110000000004800000                                                                  
51000000113567468600000000015000000                                                                  
51000000115954547160000000005000000                                                                  
51000000115954695180000000007000000                                                                  
51000000105766321010000000009800000                                                                  
51000000116156398340000000020000000                                                                  
51000000116156310410000000011700000                                                                  
51000000113707905490000000011000000                                                                  
51000000113289219280000000017500000                                                                  
51000000116203354420000000013400000                                                                  
51000000113708239740000000013800000                                                                  
51000000113289186430000000014000000                                                                  
51000000113568176300000000010000000                                                                  
51000000111217918220000000006000000                                                                  
51000000113289194760000000013200000                                                                  
51000000116358510410000000010000000                                                                  
51000000113289222740000000005800000                                                                  
51000000106539414180000000052000000                                                                  
51000000113289175150000000005000000                                                                  
51000000116842337290000000014100000                                                                  
51000000113567491350000000015000000                                                                  
51000000113567722550000000005000000                                                                  
51000000113568067410000000004700000                                                                  
51000000113296641740000000005000000                                                                  
51000000113708113350000000004500000                                                                  
51000000105766228410000000002800000                                                                  
