01000000336201551500000000204224000                                                                  
01000000324416694720000000083858000                                                                  
01000000338644880350000000039764000                                                                  
01000000348350934050000000058455000                                                                  
01000000342128931050000000088997000                                                                  
01000000342511514400000000101710000                                                                  
01000000337382354860000000049093000                                                                  
01000000338769682870000000100254000                                                                  
01000000328807291460000000021514000                                                                  
01000000331412664220000000146836000                                                                  
01000000338336667280000000278250000                                                                  
01000000311020712160000000056172000                                                                  
01000000331412664220000000007304000                                                                  
01000000730704626310000000020283600                                                                  
01000000312030399030000000014785100                                                                  
01000000320306800270000000026089700                                                                  
01000000337201588610000000019774500                                                                  
01000000336589686500000000032532000                                                                  
01000000335063032790000000022217800                                                                  
01000000110082351500000000014499400                                                                  
01000000323254508960000000036593000                                                                  
01000000336770781880000000029820000                                                                  
01000000326351930940000000015584500                                                                  
01000000331328590600000000015423800                                                                  
01000000334059216090000000019135000                                                                  
51999999999999999990000001503169400                                                                  
