01000000303380398720000000000735600                                                                  
01000000103822571060000000000735600                                                                  
01000000300891443450000000000735600                                                                  
01000000115646439480000000001425700                                                                  
01000000300429243840000000000735600                                                                  
01000000303505124610000000000735600                                                                  
01000000105989653270000000000735600                                                                  
01000000100984583940000000001119500                                                                  
01000000300828135970000000000735600                                                                  
01000000106641985140000000000854600                                                                  
01000000302866278940000000000591200                                                                  
01000000303447467040000000000933700                                                                  
01000000318534840700000000000790500                                                                  
01000000301603191670000000000933700                                                                  
01000000100921273230000000001328600                                                                  
01000000200380110890000000000878200                                                                  
01000000300868424120000000004265700                                                                  
01000000300785977060000000000932500                                                                  
01000000115054926780000000001086600                                                                  
01000000303902784880000000000761800                                                                  
01000000301619095420000000000735600                                                                  
01000000115054926670000000001223600                                                                  
01000000302285593090000000001330100                                                                  
01000000107200521720000000002337300                                                                  
01000000301173935640000000000735600                                                                  
01000000302282230400000000002068000                                                                  
01000000115646425590000000000735600                                                                  
01000000101177390700000000002838200                                                                  
01000000306401454560000000000992900                                                                  
01000000302263972570000000000735600                                                                  
01000000302250142660000000000463500                                                                  
01000000302311378360000000000735600                                                                  
01000000107965234070000000000735600                                                                  
01000000115573201740000000002259700                                                                  
01000000115573169520000000001588800                                                                  
01000000302166686740000000001883700                                                                  
01000000344129256530000000000845400                                                                  
01000000113572194690000000001187000                                                                  
01000000306829663260000000000900900                                                                  
01000000113021698160000000001183800                                                                  
01000000302310177790000000001056100                                                                  
01000000302210800730000000001719900                                                                  
01000000202469138630000000000795200                                                                  
01000000311607458470000000002009400                                                                  
01000000300551225350000000002361900                                                                  
01000000300863951100000000002437800                                                                  
01000000302250084120000000002286500                                                                  
01000000112655364920000000001669700                                                                  
01000000201161960940000000000811400                                                                  
01000000302285581680000000001398000                                                                  
01000000106769224660000000001398000                                                                  
01000000114709864030000000000463500                                                                  
01000000308125304210000000000935000                                                                  
01000000106769227380000000002241000                                                                  
01000000304254998430000000000706500                                                                  
01000000106162030110000000001560300                                                                  
01000000300765347690000000001446200                                                                  
01000000302396851830000000002620600                                                                  
01000000300176874010000000002164100                                                                  
01000000347633378200000000000718500                                                                  
01000000304457783890000000002126300                                                                  
01000000303485897450000000001375100                                                                  
01000000300585365420000000001773800                                                                  
01000000301300407130000000001375100                                                                  
01000000300721063630000000003009500                                                                  
01000000201455242600000000001513200                                                                  
01000000109044224670000000001142700                                                                  
01000000109739765710000000001969900                                                                  
01000000112890582230000000000973000                                                                  
01000000114901037860000000001422600                                                                  
01000000115780052500000000000706500                                                                  
01000000306629510290000000001070100                                                                  
01000000302958283970000000001178500                                                                  
01000000306226162710000000002555400                                                                  
01000000114995945160000000001400500                                                                  
01000000107965319400000000002365700                                                                  
01000000330962401960000000001628500                                                                  
01000000302187219770000000001351700                                                                  
01000000309694355960000000001634500                                                                  
01000000114709677300000000001204600                                                                  
01000000105747538310000000002026100                                                                  
01000000303543195330000000000706500                                                                  
01000000106162089170000000001236200                                                                  
01000000306366639060000000001351700                                                                  
01000000315185500930000000002687300                                                                  
01000000304458939580000000001448100                                                                  
01000000113021776900000000001448100                                                                  
01000000201001423300000000001351700                                                                  
01000000106163231450000000001351700                                                                  
01000000106163228900000000002023600                                                                  
01000000300221585380000000001471700                                                                  
01000000109249419220000000001819100                                                                  
01000000106162406220000000001255900                                                                  
01000000116179564090000000001311500                                                                  
01000000112890322040000000001628000                                                                  
01000000106162169280000000003009600                                                                  
01000000331146776940000000002026100                                                                  
01000000115036886740000000001287500                                                                  
01000000330853645780000000000931100                                                                  
01000000306153936920000000001772100                                                                  
01000000202589862480000000001074100                                                                  
01000000323749083610000000001000000                                                                  
51000000338814547410000000143362500                                                                  
