01000000348575866760000000010000000                                                                  
01000000302513041790000000010000000                                                                  
01000000324278214930000000010000000                                                                  
01000000115649238990000000005000000                                                                  
01000000339970335940000000003000000                                                                  
01000000339970319940000000003000000                                                                  
01000000339970362000000000005000000                                                                  
01000000339970329210000000003000000                                                                  
01000000339970324660000000003000000                                                                  
01000000340007070280000000003000000                                                                  
51000000338814547410000000055000000                                                                  
