01000000200715455010000000005015700                                                                  
01000000100742805220000000002272600                                                                  
01000000302569237620000000003288200                                                                  
01000000100742629220000000001346600                                                                  
01000000302638109440000000007040300                                                                  
01000000302608231830000000001055100                                                                  
01000000302607810500000000002659000                                                                  
01000000108730890270000000001042700                                                                  
01000000315490560840000000000701300                                                                  
01000000305530190100000000000349200                                                                  
01000000302607041650000000001733300                                                                  
01000000200826266680000000000536800                                                                  
01000000317802635400000000000249800                                                                  
01000000303928818500000000002403100                                                                  
01000000200826243660000000000260700                                                                  
01000000100742541050000000004369200                                                                  
01000000306159108610000000000322400                                                                  
01000000305565806310000000000316500                                                                  
01000000303289003260000000000306900                                                                  
01000000114999017320000000003964300                                                                  
01000000302669587170000000001361800                                                                  
01000000113945385500000000002860500                                                                  
01000000302565915650000000001947500                                                                  
01000000113019881450000000005654400                                                                  
01000000201058445840000000000449800                                                                  
01000000114999053960000000002800700                                                                  
01000000302655222390000000001385500                                                                  
01000000314934296390000000001694500                                                                  
01000000113019944650000000002084600                                                                  
01000000113488694410000000002846300                                                                  
01000000308523574810000000000543500                                                                  
01000000302583405080000000003047700                                                                  
01000000305828318800000000000655700                                                                  
01000000306107836420000000000361500                                                                  
01000000304850031860000000001266900                                                                  
01000000306108123600000000000398000                                                                  
01000000106078315680000000005096300                                                                  
01000000301925772900000000000469000                                                                  
01000000302602595440000000004056900                                                                  
01000000305595553630000000000318300                                                                  
01000000302581935620000000002676700                                                                  
01000000302588734120000000002669800                                                                  
01000000114998693890000000003034900                                                                  
01000000302571236850000000001946000                                                                  
01000000302947542430000000000282700                                                                  
01000000316559315360000000001119900                                                                  
01000000319924761270000000003282500                                                                  
01000000302607739340000000001316100                                                                  
01000000305636485380000000000394700                                                                  
01000000302653780340000000001064400                                                                  
01000000309810194660000000000476300                                                                  
01000000302575602620000000001714400                                                                  
01000000316137701890000000000570300                                                                  
01000000305663496790000000001124000                                                                  
01000000315611587740000000001561800                                                                  
01000000302595019740000000008775400                                                                  
01000000302616270870000000002542500                                                                  
01000000302571912370000000003861500                                                                  
01000000302592368460000000001579700                                                                  
01000000200656781860000000001266800                                                                  
01000000309021119200000000000932200                                                                  
01000000315185929860000000000754400                                                                  
01000000302639640200000000004296700                                                                  
01000000100210600740000000003469300                                                                  
01000000310477524240000000001168900                                                                  
01000000100525123560000000002688800                                                                  
01000000302599452520000000004256700                                                                  
01000000302605569540000000002756200                                                                  
01000000302672686760000000004464400                                                                  
01000000317794653250000000001374200                                                                  
01000000304840663200000000000416900                                                                  
01000000302600839180000000004442200                                                                  
01000000101033889450000000003918400                                                                  
01000000302649583010000000001942900                                                                  
01000000315115957680000000002366800                                                                  
01000000201177064140000000000377200                                                                  
01000000315172297620000000001018100                                                                  
01000000302657985370000000002239300                                                                  
01000000300509865330000000002927400                                                                  
01000000302606720520000000002876900                                                                  
01000000302616268440000000003667200                                                                  
01000000308410308200000000000871800                                                                  
01000000304995295000000000001972300                                                                  
01000000305895937550000000000466700                                                                  
01000000104395397660000000002424400                                                                  
01000000307657390830000000003041000                                                                  
01000000302586353090000000001920400                                                                  
01000000113572623460000000002131500                                                                  
01000000313429288470000000000268800                                                                  
01000000310457688770000000000411700                                                                  
01000000306102706740000000000435100                                                                  
01000000305779306720000000002102900                                                                  
01000000116650189540000000000329100                                                                  
01000000302592368460000000000390000                                                                  
01000000304916973920000000002730800                                                                  
01000000302684702290000000003573600                                                                  
01000000302812953070000000001952900                                                                  
01000000303822353210000000000678400                                                                  
01000000304424142120000000004014200                                                                  
01000000302630801210000000002010000                                                                  
01000000113131937560000000003995700                                                                  
01000000305927558720000000002600000                                                                  
01000000301931884750000000005119400                                                                  
01000000314791579780000000000733100                                                                  
01000000107207568150000000001824800                                                                  
01000000302720151400000000005939500                                                                  
01000000113131736480000000001422100                                                                  
01000000309819147970000000000329200                                                                  
01000000309790399290000000003872600                                                                  
01000000302709793320000000001524000                                                                  
01000000302689335850000000003344000                                                                  
01000000302599912080000000001951800                                                                  
01000000202087770170000000001890100                                                                  
01000000306300691550000000000444600                                                                  
01000000302588332750000000003376000                                                                  
01000000303023779590000000001420700                                                                  
01000000306041394450000000000376400                                                                  
01000000108927622310000000002459800                                                                  
01000000302570081520000000002675400                                                                  
01000000316454093840000000003492600                                                                  
01000000302671907080000000001742800                                                                  
01000000302581965290000000003217400                                                                  
01000000302608554010000000000926100                                                                  
01000000305631100550000000000313700                                                                  
01000000302594383770000000002198600                                                                  
01000000305921613560000000000313900                                                                  
01000000108927879150000000000895700                                                                  
01000000302808358980000000004226400                                                                  
01000000305936145570000000000275700                                                                  
01000000315501131210000000001477800                                                                  
01000000302618328460000000001931400                                                                  
01000000302600766710000000001814100                                                                  
01000000100742567360000000001846100                                                                  
01000000302615470650000000000986300                                                                  
01000000301415558120000000001992700                                                                  
01000000302635760710000000000919700                                                                  
01000000108927478360000000000785100                                                                  
01000000302618528960000000001309000                                                                  
01000000301213512220000000000802300                                                                  
01000000100742784550000000003009300                                                                  
01000000302651048900000000001188900                                                                  
01000000302607041650000000000349200                                                                  
01000000302575606140000000001241300                                                                  
01000000113019524920000000001216800                                                                  
01000000321199141070000000002240500                                                                  
01000000113944990080000000002303400                                                                  
01000000302615771350000000000763000                                                                  
01000000106078868020000000000735500                                                                  
01000000302632522070000000001120100                                                                  
01000000106077775750000000001937500                                                                  
01000000302611219230000000001257500                                                                  
01000000302632522300000000002009400                                                                  
01000000106078448390000000001105800                                                                  
01000000302618848620000000000745400                                                                  
01000000302602600040000000001009000                                                                  
01000000302602598380000000000763000                                                                  
01000000302611265790000000000770700                                                                  
01000000301115196860000000001460600                                                                  
01000000302583002680000000001050000                                                                  
01000000302632237070000000001901300                                                                  
01000000302602939710000000002009400                                                                  
01000000302565357810000000000979800                                                                  
01000000104944606070000000003228600                                                                  
01000000104550408590000000000785100                                                                  
01000000104550458470000000001225200                                                                  
01000000300977961410000000000827500                                                                  
01000000100210611580000000001910500                                                                  
01000000104550423030000000001483600                                                                  
01000000302568036380000000001893600                                                                  
01000000300486859730000000001669500                                                                  
01000000302581035220000000001719900                                                                  
01000000302606061570000000001050000                                                                  
01000000302590611810000000001308500                                                                  
01000000302580080150000000001559900                                                                  
01000000302665261850000000002389100                                                                  
01000000302587306210000000001732100                                                                  
01000000300355251410000000001732100                                                                  
01000000302612568480000000000735500                                                                  
01000000302623139210000000000735500                                                                  
01000000107200794000000000001559900                                                                  
01000000113572017670000000001746000                                                                  
01000000113572028740000000001259700                                                                  
01000000113572020020000000001482100                                                                  
01000000302601987710000000000885400                                                                  
01000000108927773380000000001440700                                                                  
01000000302634198360000000001086300                                                                  
01000000108927792440000000001568800                                                                  
01000000302584867290000000001526000                                                                  
01000000107965224600000000002195500                                                                  
01000000102762270580000000000770700                                                                  
01000000104312627680000000001154300                                                                  
01000000302646458430000000000940600                                                                  
01000000302649575560000000001089500                                                                  
01000000302710931850000000001222900                                                                  
01000000113572459440000000002777300                                                                  
01000000300084277700000000002210900                                                                  
01000000300878564230000000001381400                                                                  
01000000300699696970000000001917200                                                                  
01000000300725654860000000001079700                                                                  
01000000300853004890000000001669500                                                                  
01000000302719873660000000001410500                                                                  
01000000302656307430000000001596900                                                                  
01000000302739789490000000001102200                                                                  
01000000302636890970000000001229100                                                                  
01000000302690804540000000000763000                                                                  
01000000302641853510000000001410500                                                                  
01000000106162174450000000002126200                                                                  
01000000302717849900000000001869300                                                                  
01000000302602602310000000001719900                                                                  
01000000302688068520000000001222300                                                                  
01000000302663740270000000000735500                                                                  
01000000302787373740000000000735500                                                                  
01000000303151420720000000001862500                                                                  
01000000114998806080000000001946500                                                                  
01000000114998615730000000001440700                                                                  
01000000114998599940000000000940400                                                                  
01000000100742528450000000000362600                                                                  
01000000302935914470000000000770700                                                                  
01000000302743290520000000002014800                                                                  
01000000113825400290000000001231800                                                                  
01000000302572957250000000001167300                                                                  
01000000114871191140000000000735500                                                                  
01000000113131221060000000001946500                                                                  
01000000302579299780000000000875100                                                                  
01000000114871176830000000000762500                                                                  
01000000113743013080000000000735500                                                                  
01000000113742930780000000001691400                                                                  
01000000302560844080000000001995600                                                                  
01000000302580450690000000002092100                                                                  
01000000113944660940000000000933200                                                                  
01000000113825252720000000001683300                                                                  
01000000114870933860000000001120100                                                                  
01000000303292031650000000000835500                                                                  
01000000116439703290000000001969500                                                                  
01000000302600836230000000001154300                                                                  
01000000314414998800000000000706500                                                                  
01000000303280788810000000000764400                                                                  
01000000303284674370000000001482100                                                                  
01000000113945385500000000000362600                                                                  
01000000302942921180000000000802300                                                                  
01000000303185722490000000001293100                                                                  
01000000114998692540000000000770700                                                                  
01000000113545695740000000001341600                                                                  
01000000116437133840000000001410500                                                                  
01000000113489018270000000002918200                                                                  
01000000106077822790000000001506500                                                                  
01000000305977276560000000001029100                                                                  
01000000302808216360000000000783400                                                                  
01000000307016813210000000000859900                                                                  
01000000305859859740000000001229300                                                                  
01000000107200743220000000001279800                                                                  
01000000307278443450000000000706500                                                                  
01000000116213054170000000001546900                                                                  
01000000302588832940000000001725000                                                                  
01000000114998677890000000001506500                                                                  
01000000302652746030000000000706500                                                                  
01000000305869915120000000001203400                                                                  
01000000302733461820000000000905400                                                                  
01000000108731030320000000002009400                                                                  
01000000320837534720000000000735500                                                                  
01000000300847378610000000000935700                                                                  
01000000307073354760000000001267200                                                                  
01000000308305041700000000001585800                                                                  
01000000302610506640000000000735500                                                                  
01000000101384052140000000001725000                                                                  
01000000302615989280000000001590700                                                                  
01000000200183704840000000001766800                                                                  
01000000312069634800000000001085500                                                                  
01000000302946999270000000001425800                                                                  
01000000302588336940000000001819000                                                                  
01000000315241892290000000000706500                                                                  
01000000316456765430000000001983300                                                                  
01000000302621785720000000001213900                                                                  
01000000314791579780000000000487000                                                                  
01000000116136104210000000001388600                                                                  
01000000101383841450000000001819000                                                                  
01000000302588392770000000001869300                                                                  
01000000306912075510000000000889400                                                                  
01000000201335273230000000001029100                                                                  
01000000305011616700000000001512200                                                                  
01000000324570820450000000000706500                                                                  
01000000318094246140000000001510400                                                                  
01000000302785739920000000001869300                                                                  
01000000114871184060000000001438900                                                                  
01000000332062120220000000001308600                                                                  
01000000331207721810000000000706500                                                                  
01000000302684698600000000001085500                                                                  
01000000302563610310000000001466100                                                                  
01000000115800434840000000001291000                                                                  
01000000304113307890000000001577600                                                                  
01000000201573107530000000002255400                                                                  
01000000201996622970000000000908600                                                                  
01000000113131852690000000001487600                                                                  
01000000114839582670000000001388600                                                                  
01000000302662407420000000001279800                                                                  
01000000303158425740000000000843500                                                                  
01000000300359771420000000003120000                                                                  
01000000302569234230000000000839400                                                                  
01000000302569234230000000000362600                                                                  
01000000116437073920000000000706500                                                                  
01000000108927586330000000000963500                                                                  
01000000113572183970000000002246100                                                                  
01000000202325030570000000001103500                                                                  
01000000344962097540000000001318200                                                                  
01000000305859859740000000000782600                                                                  
51000000338814547410000000503933800                                                                  
