01000000113086419900000000003500000                                                                  
01000000319836055760000000007500000                                                                  
01000000348736889430000000007500000                                                                  
01000000302694879810000000010000000                                                                  
01000000324241850170000000010000000                                                                  
01000000115599337900000000005000000                                                                  
01000000324280540900000000005000000                                                                  
01000000115599132420000000005000000                                                                  
01000000202389894700000000005000000                                                                  
01000000337394310580000000010000000                                                                  
01000000346277142960000000005000000                                                                  
01000000316063498620000000010000000                                                                  
01000000318803249310000000003000000                                                                  
01000000336986038400000000010000000                                                                  
01000000301989614750000000005000000                                                                  
01000000303382147560000000005000000                                                                  
51999999999999999990000000106500000                                                                  
