01000000113086798210000000002570600                                                                  
01000000106539323560000000000366500                                                                  
01000000326729853930000000001691800                                                                  
01000000300435334570000000000962800                                                                  
01000000319401076360000000000971800                                                                  
01000000330766637610000000000735500                                                                  
01000000105408053580000000002511900                                                                  
01000000106539346140000000001598800                                                                  
01000000302135839180000000002452300                                                                  
01000000105765984750000000002511900                                                                  
01000000300460104900000000001366000                                                                  
01000000310985323950000000001464700                                                                  
01000000300999364620000000001098300                                                                  
01000000113086795370000000000930900                                                                  
01000000106157113330000000001277900                                                                  
01000000106539152510000000002074100                                                                  
01000000300562461630000000001214000                                                                  
01000000300908414330000000002180900                                                                  
01000000105408388380000000002126200                                                                  
01000000106539531940000000002152700                                                                  
01000000301958366280000000001683300                                                                  
01000000106539096760000000003801100                                                                  
01000000304456875830000000001446200                                                                  
01000000113567738150000000002621200                                                                  
01000000304128956260000000001279800                                                                  
01000000308861492670000000001772000                                                                  
51000000338814547410000000044863200                                                                  
