51000000309336567420000000020780000                                                                  
51000000329118889690000000001778000                                                                  
51000000309821961050000000063718000                                                                  
51000000311010424700000000028059000                                                                  
51000000326515920770000000014417600                                                                  
51000000109494881210000000728208100                                                                  
51000000109494881210000002693049000                                                                  
51000000309821961050000000092781000                                                                  
51000000309821961050000000063718000                                                                  
51000000315602168290000000032346000                                                                  
51000000312984909020000000002922000                                                                  
51000000319241047940000000218396000                                                                  
51000000109494881870000002364217800                                                                  
51000000325868879160000000149260000                                                                  
51000000316335034150000000369528000                                                                  
51000000327520883140000000010434000                                                                  
51000000335781751390000000021030000                                                                  
51000000311010424700000000025109000                                                                  
51000000306737984200000000020807000                                                                  
51000000306737984200000000155934000                                                                  
51000000314227871890000000045680000                                                                  
51000000346424336520000000006400000                                                                  
51000000310146008650000000010396000                                                                  
51000000334837580830000001206542000                                                                  
51000000315391916720000000007510000                                                                  
51000000109494881210000000728208000                                                                  
51000000109494881210000001981953000                                                                  
51000000327520883140000000010434000                                                                  
51000000328019498920000000004451000                                                                  
51000000314429586630000000003329000                                                                  
51000000109494881870000003441536000                                                                  
510000030941532657
0000001511635400                                                                  
51000000307332566500000000085423600                                                                  
51000000315254411990000000054655000                                                                  
51000000301228029130000000075846000                                                                  
51000000303207497460000000035105300                                                                  
51000000003012899430000000233716000                                                                  
51000000303207497460000000035105300                                                                  
51000000323703923160000000004856400                                                                  
51000000321046460300000000004869000                                                                  
51000000321046460300000000045130000                                                                  
51000000323537855130000000027932000                                                                  
51000000323537855130000000021003000                                                                  
51000000320740684770000000026755000                                                                  
51000000320740684770000000016022000                                                                  
51000000322635671540000000026114000                                                                  
51000000302441174740000000346657000                                                                  
51000000302441174740000000486884000                                                                  
51000000302441174740000000239104000                                                                  
51000000323402501940000000015393000                                                                  
51000000323402501940000000014396000                                                                  
51000000323236544170000000025435000                                                                  
51000000323236544170000000021689000                                                                  
51000000308347790950000000219039000                                                                  
51000000308347790950000000249159000                                                                  
51000000308418283430000000052624000                                                                  
51000000308418283430000000064327000                                                                  
51000000309893318530000000106806000                                                                  
51000000305509352620000000007202000                                                                  
51000000323998056170000000012073000                                                                  
51000000323998056170000000001036000                                                                  
51000000306396845830000000035346000                                                                  
51000000312548420510000000024377000                                                                  
51000000312548420510000000028357000                                                                  
51000000322635671540000000018871000                                                                  
51000000309893318530000000113527000                                                                  
51000000321046460300000000002424000                                                                  
51000000309539183210000000060204000                                                                  
51000000309477100350000000092816000                                                                  
51000000309477100350000000046659000                                                                  
51000000301412658610000000306719000                                                                  
51000000301412658610000000306719000                                                                  
51000000301412658610000000306719000                                                                  
51000000301412658610000000426019000                                                                  
51000000301412658610000000889754000                                                                  
51000000301412658610000000812882000                                                                  
51000000302441174740000000551880000                                                                  
51000000302441174740000000551880000                                                                  
51000000302441174740000000551880000                                                                  
51000000301412658610000000427216000                                                                  
51000000301412658610000000426247000                                                                  
51000000301412658610000000306719000                                                                  
51000000301412658610000000426320000                                                                  
51000000106768444640000001001569500                                                                  
51000000106768444640000000733844000                                                                  
51000000106768444640000000805337000                                                                  
51000000106768444640000000188988000                                                                  
51000000106768444640000001034647000                                                                  
51000000333951656270000000016206000                                                                  
51000000346194365450000000013770000                                                                  
51000000330008846970000000004786500                                                                  
51000000346194365450000000034933000                                                                  
51000000333952522720000000028275000                                                                  
51000000333951656270000000006824000                                                                  
51000000302233843210000000272103000                                                                  
51000000321286092380000000075977000                                                                  
51000000307562844110000000023408000                                                                  
51000000307562839050000000000794000                                                                  
51000000321826986220000000000223000                                                                  
51000000302233843210000000315198000                                                                  
51000000315334805690000000012781000                                                                  
51000000308222058420000000067755000                                                                  
51000000322271037840000000027260000                                                                  
51000000302233843210000000358317000                                                                  
51000000322076648460000000029902000                                                                  
51000000322076648460000000028207000                                                                  
51000000323124192610000000029358000                                                                  
51000000320816181070000000106841000                                                                  
51000000106078968980000000165418000                                                                  
51000000106078968980000000013530000                                                                  
51000000106078968980000000340342000                                                                  
51000000106078968980000000057494000                                                                  
51000000300664277050000000687697000                                                                  
51000000300664277050000000484930000                                                                  
51000000300664277050000000484930000                                                                  
51000000109494881870000006039287000                                                                  
51000000324345152270000000093782000                                                                  
51000000319078439740000000013898000                                                                  
51000000316289450210000000049704000                                                                  
51000000322031687390000000549160000                                                                  
51000000322031687390000000504761000                                                                  
51000000109494881870000002661911000                                                                  
51000000316289450210000000055872000                                                                  
51000000109494881870000003125634000                                                                  
51000000319078439740000000017834000                                                                  
51000000324345152270000000135359000                                                                  
51000000322026892430000000211065000                                                                  
51000000109494881870000003299495000                                                                  
51000000300664277050000000795146000                                                                  
