01000000116842426990000000015000000                                                                  
01000000308225219810000000005000000                                                                  
01000000111217880600000000005300000                                                                  
01000000113289225690000000015000000                                                                  
01000000113296196530000000015000000                                                                  
01000000113708167290000000013500000                                                                  
01000000113708221430000000011000000                                                                  
01000000113708110280000000013500000                                                                  
01000000105766243500000000015000000                                                                  
01000000115954418870000000014000000                                                                  
01000000116358579620000000005000000                                                                  
01000000116358682820000000005000000                                                                  
01000000116156363340000000004600000                                                                  
01000000300803750300000000015000000                                                                  
01000000113708247630000000008800000                                                                  
01000000111217634860000000005000000                                                                  
01000000111218239920000000020000000                                                                  
01000000115954357150000000012000000                                                                  
01000000311495225970000000003000000                                                                  
01000000311495399520000000003400000                                                                  
51000000349779223970000000204100000                                                                  
