01000000349179099000000000003000000                                                                  
01000000202000896290000000005000000                                                                  
01000000329509199560000000005000000                                                                  
01000000338831513700000000010000000                                                                  
01000000200273106720000000010000000                                                                  
01000000325068703370000000005000000                                                                  
01000000347832142590000000005000000                                                                  
01000000309074695490000000005000000                                                                  
01000000349427219280000000005000000                                                                  
51000000338814547410000000053000000                                                                  
