01000000348545976700000000004200000                                                                  
01000000337760782210000000006000000                                                                  
01000000854685114660000000003600000                                                                  
01000000323458578070000000010000000                                                                  
01000000107556176120000000010000000                                                                  
01000000327022546440000000006000000                                                                  
01000000340011330170000000006000000                                                                  
01000000334955234430000000006000000                                                                  
01000000311584685600000000006000000                                                                  
01000000346674723500000000006000000                                                                  
01000000327639870130000000006000000                                                                  
01000000336928112010000000010000000                                                                  
01000000313303104500000000006000000                                                                  
01000000345968104460000000004800000                                                                  
01000000338258372870000000004800000                                                                  
01000000336759767950000000006000000                                                                  
51999999999999999990000000101400000                                                                  
