01000000108451494570000000009800000                                                                  
01000000116970402110000000015000000                                                                  
01000000107502321590000000017000000                                                                  
01000000115497075260000000007000000                                                                  
01000000110399768270000000007400000                                                                  
01000000115335368280000000010000000                                                                  
01000000307400678660000000004200000                                                                  
01000000110400008960000000024000000                                                                  
01000000110396851480000000008500000                                                                  
01000000308616170110000000004700000                                                                  
01000000110396895840000000010000000                                                                  
01000000115889911030000000011500000                                                                  
01000000107502278640000000010000000                                                                  
01000000104224349340000000015000000                                                                  
01000000107502254600000000044000000                                                                  
01000000107502327270000000012000000                                                                  
01000000113279752160000000010000000                                                                  
01000000112829205920000000005000000                                                                  
01000000107070532180000000007500000                                                                  
01000000107070832650000000007500000                                                                  
01000000113279894890000000010000000                                                                  
01000000107070670610000000003400000                                                                  
01000000113282018310000000025000000                                                                  
01000000113000568250000000006000000                                                                  
01000000301260091010000000006000000                                                                  
01000000113000336700000000016000000                                                                  
01000000113279633020000000012400000                                                                  
01000000107229933230000000003000000                                                                  
01000000310769282250000000008900000                                                                  
01000000105584177200000000006000000                                                                  
01000000115889948180000000010000000                                                                  
01000000107501907840000000005000000                                                                  
01000000110399770600000000004500000                                                                  
01000000105584231320000000030178500                                                                  
01000000104224793300000000002500000                                                                  
51000000338814547410000000388978500                                                                  
