01000000101231536130000000001000000                                                                  
01000000102021170630000000001000000                                                                  
01000000107693770820000000001000000                                                                  
01000000106769008710000000001000000                                                                  
01000000107440671700000000001000000                                                                  
01000000100682400650000000001000000                                                                  
01000000106042054650000000001000000                                                                  
01000000327619357920000000001000000                                                                  
01000000302412407620000000001000000                                                                  
01000000307077921150000000001000000                                                                  
01000000115020989920000000015000000                                                                  
51000000338814547410000000025000000                                                                  
