51000000113567213910000000000148200                                                                  
51000000105766242810000000000067000                                                                  
51000000303200548010000000000614800                                                                  
51000000116202962290000000000050000                                                                  
51000000105766396270000000000382500                                                                  
51000000113074472680000000000677800                                                                  
51000000105766253540000000000430000                                                                  
51000000105765934090000000001018000                                                                  
51000000105766259880000000000047000                                                                  
51000000105766321010000000000005000                                                                  
51000000116156440620000000000030000                                                                  
51000000105765899140000000000240000                                                                  
51000000105408715920000000000154000                                                                  
51000000301290268160000000000085500                                                                  
51000000201211372800000000000281000                                                                  
51000000300529183240000000000619000                                                                  
51000000302202912670000000000064000                                                                  
51000000106539217070000000000743300                                                                  
