51000000010350170190000000002400000                                                                  
51000000010350170190000000002400000                                                                  
51000000010350170190000000002400000                                                                  
51000000010350170190000000006000000                                                                  
51000000010350170190000000002400000                                                                  
51000000010350170190000000001800000                                                                  
51000000010350170190000000002400000                                                                  
51000000010350170190000000010000000                                                                  
51000000010350170190000000010000000                                                                  
51000000010350170190000000010000000                                                                  
51000000010350170190000000006000000                                                                  
51000000010350170190000000006000000                                                                  
51000000010350170190000000003600000                                                                  
51000000010350170190000000006000000                                                                  
51000000010350170190000000003000000                                                                  
51000000010350170190000000002400000                                                                  
51000000010350170190000000010000000                                                                  
51000000010350170190000000003600000                                                                  
51000000010350170190000000006000000                                                                  
51000000010350170190000000006000000                                                                  
51000000010350170190000000010000000                                                                  
51000000010350170190000000006000000                                                                  
51000000010350170190000000001800000                                                                  
51000000010350170190000000002400000                                                                  
51000000010350170190000000004200000                                                                  
51000000010350170190000000010000000                                                                  
51000000010350170190000000003000000                                                                  
51000000010350170190000000006000000                                                                  
51000000010350170190000000002400000                                                                  
51000000010350170190000000006000000                                                                  
51000000010350170190000000002400000                                                                  
51000000010350170190000000006000000                                                                  
51000000010350170190000000010000000                                                                  
51000000010350170190000000006000000                                                                  
51000000010350170190000000002400000                                                                  
51000000010350170190000000002400000                                                                  
51000000010350170190000000006000000                                                                  
51000000010350170190000000010000000                                                                  
51000000010350170190000000010000000                                                                  
51000000010350170190000000010000000                                                                  
51000000010350170190000000010000000                                                                  
51000000010350170190000000006000000                                                                  
51000000010350170190000000003000000                                                                  
51000000010350170190000000002400000                                                                  
51000000010350170190000000010000000                                                                  
51000000010350170190000000001800000                                                                  
51000000320821316550000000006000000                                                                  
51000000304585183150000000006000000                                                                  
51000000348405506810000000003000000                                                                  
51000000115796382270000000008700000                                                                  
51000000115796382270000000008700000                                                                  
51000000115796382270000000008700000                                                                  
51000000115796382270000000008700000                                                                  
51000000115796382270000000008700000                                                                  
51000000115796382270000000008700000                                                                  
51000000115796382270000000008700000                                                                  
51000000115796382270000000008700000                                                                  
51000000115796382270000000008700000                                                                  
51000000115796382270000000008700000                                                                  
51000000115796382270000000008700000                                                                  
51000000115796382270000000008700000                                                                  
51000000115796382270000000008700000                                                                  
51000000115796382270000000008700000                                                                  
51000000115796382270000000008700000                                                                  
51000000115796382270000000008700000                                                                  
51000000115796382270000000008700000                                                                  
51000000115796382270000000008700000                                                                  
51000000115796382270000000008700000                                                                  
51000000115796382270000000008700000                                                                  
51000000115796382270000000008700000                                                                  
51000000115796382270000000008700000                                                                  
51000000115796382270000000008700000                                                                  
51000000115796382270000000008700000                                                                  
51000000110269659020000000010000000                                                                  
51000000346000944390000000006000000                                                                  
51000000348244561700000000003000000                                                                  
51000000202356646580000000006000000                                                                  
51000000346675670370000000006000000                                                                  
51000000347736646850000000009000000                                                                  
51000000303601918410000000006000000                                                                  
51000000312252117900000000006000000                                                                  
51000000304198858710000000008700000                                                                  
51000000304198858710000000008700000                                                                  
51000000304198858710000000008700000                                                                  
51000000304198858710000000008700000                                                                  
51000000304198858710000000008700000                                                                  
51000000304198858710000000008700000                                                                  
51000000304198858710000000008700000                                                                  
51000000304198858710000000008700000                                                                  
51000000304198858710000000008700000                                                                  
51000000304198858710000000008700000                                                                  
51000000304198858710000000008700000                                                                  
51000000304198858710000000008700000                                                                  
51000000304198858710000000008700000                                                                  
51000000304198858710000000008700000                                                                  
51000000304198858710000000008700000                                                                  
51000000304198858710000000008700000                                                                  
51000000304198858710000000008700000                                                                  
51000000304198858710000000008700000                                                                  
51000000304198858710000000008700000                                                                  
51000000304198858710000000008700000                                                                  
51000000304198858710000000008700000                                                                  
51000000304198858710000000008700000                                                                  
51000000304198858710000000008700000                                                                  
51000000304198858710000000008700000                                                                  
51000000304198858710000000008700000                                                                  
51000000304198858710000000008700000                                                                  
51000000304198858710000000008700000                                                                  
51000000304198858710000000008700000                                                                  
51000000304198858710000000008700000                                                                  
51000000304198858710000000008700000                                                                  
51000000304198858710000000008700000                                                                  
51000000304198858710000000008700000                                                                  
51000000304198858710000000008700000                                                                  
51000000304198858710000000008700000                                                                  
51000000304198858710000000008700000                                                                  
51000000304198858710000000008700000                                                                  
51000000304198858710000000008700000                                                                  
51000000304198858710000000008700000                                                                  
51000000304198858710000000008700000                                                                  
51000000304198858710000000008700000                                                                  
51000000346492340320000000006000000                                                                  
51000000202356648630000000009000000                                                                  
51000000346492359000000000006000000                                                                  
51000000202502196850000000006000000                                                                  
51000000202502196960000000006000000                                                                  
51000000202502202150000000006000000                                                                  
51000000346723427980000000010000000                                                                  
51000000336355945440000000010000000                                                                  
51000000346493237270000000006000000                                                                  
51000000346499866830000000006000000                                                                  
51000000116184521280000000006000000                                                                  
51000000200305006330000000006000000                                                                  
51000000115604659000000000000600000                                                                  
51000000307115524520000000003000000                                                                  
51000000201524527610000000003000000                                                                  
51000000347746453230000000000600000                                                                  
51000000347745375540000000003000000                                                                  
51000000347752202400000000000600000                                                                  
51000000347607425700000000006000000                                                                  
51000000347607722200000000006000000                                                                  
51000000340666555960000000010000000                                                                  
51000000345478988940000000003000000                                                                  
51000000347066242770000000010000000                                                                  
51000000330144111830000000006000000                                                                  
51000000202159854510000000010000000                                                                  
51000000202159850970000000010000000                                                                  
51000000316077596060000000006000000                                                                  
51000000346862131430000000006000000                                                                  
51000000308963459630000000006000000                                                                  
51000000314824798980000000010000000                                                                  
51000000329879223670000000010000000                                                                  
51000000347918019300000000006000000                                                                  
51000000347919161880000000006000000                                                                  
51000000347593430450000000006000000                                                                  
51000000348224736740000000006000000                                                                  
51000000347920868910000000006000000                                                                  
51000000347918017670000000006000000                                                                  
51000000347917853250000000006000000                                                                  
51000000347918123060000000006000000                                                                  
51000000307370403070000000006000000                                                                  
51000000347917981070000000006000000                                                                  
51000000347918069700000000006000000                                                                  
51000000347917971470000000006000000                                                                  
51000000347917930400000000006000000                                                                  
51000000331569615640000000006000000                                                                  
51000000348083915400000000006000000                                                                  
51000000348055199950000000006000000                                                                  
51000000328931369460000000006000000                                                                  
51000000320971670840000000006000000                                                                  
51000000314862654310000000006000000                                                                  
51000000113101638700000000006000000                                                                  
51000000113102046260000000006000000                                                                  
51000000202432070560000000006000000                                                                  
51000000347177375170000000006000000                                                                  
51000000348048122920000000006000000                                                                  
51000000346804687090000000006000000                                                                  
51000000307627252230000000006000000                                                                  
51000000346450587060000000006000000                                                                  
51000000346449910190000000006000000                                                                  
51000000323746106940000000006000000                                                                  
51000000348779074170000000010000000                                                                  
51000000348238197160000000003000000                                                                  
51000000348163705310000000006000000                                                                  
51000000116140468900000000003000000                                                                  
51000000348163661610000000006000000                                                                  
51000000335713667100000000003000000                                                                  
51000000335713667100000000003000000                                                                  
51000000335713667100000000003000000                                                                  
51000000335713667100000000003000000                                                                  
51000000335713667100000000003000000                                                                  
51000000335713667100000000003000000                                                                  
51000000335713667100000000003000000                                                                  
51000000335713667100000000003000000                                                                  
51000000335713667100000000003000000                                                                  
51000000335713667100000000003000000                                                                  
51000000347854329230000000006000000                                                                  
51000000309169378140000000006000000                                                                  
51000000346879440920000000006000000                                                                  
51000000347525236810000000006000000                                                                  
51000000332693897110000000006000000                                                                  
51000000347399770970000000006000000                                                                  
51000000315909030750000000006000000                                                                  
51000000334158937820000000006000000                                                                  
51000000334217018000000000006000000                                                                  
51000000201857721920000000006000000                                                                  
51000000348774942610000000006000000                                                                  
51000000348774939710000000010000000                                                                  
51000000348774936970000000010000000                                                                  
51000000117145052170000000006000000                                                                  
51000000316004062260000000006000000                                                                  
51000000345522470060000000006000000                                                                  
51000000347447763820000000006000000                                                                  
51000000117145148890000000006000000                                                                  
51000000330013396060000000006000000                                                                  
51000000346546673870000000006000000                                                                  
51000000347863666160000000003000000                                                                  
51000000201585710660000000003000000                                                                  
51000000110931036200000000003000000                                                                  
51000000347394310050000000003000000                                                                  
51000000327832785920000000003000000                                                                  
51000000346308578070000000006000000                                                                  
51000000347136686690000000006000000                                                                  
51000000334311181240000000006000000                                                                  
51000000346310941380000000006000000                                                                  
51000000347136689090000000006000000                                                                  
51000000346382804800000000006000000                                                                  
51000000346382793490000000006000000                                                                  
51000000346308597910000000006000000                                                                  
51000000346725330220000000006000000                                                                  
51000000331027837410000000006000000                                                                  
51000000346192142610000000006000000                                                                  
51000000311904117940000000006000000                                                                  
51000000346619944960000000006000000                                                                  
51000000348245046460000000009000000                                                                  
51000000348289502900000000006000000                                                                  
51000000115160683940000000006000000                                                                  
51000000115160683940000000010000000                                                                  
51000000115160683940000000002400000                                                                  
