51000000320823722490000000003000000                                                                  
51000000320823722490000000003000000                                                                  
51000000320823722490000000003000000                                                                  
51000000320823722490000000003000000                                                                  
51000000320823722490000000003000000                                                                  
51000000320823722490000000003000000                                                                  
51000000320823722490000000003000000                                                                  
51000000320823722490000000003000000                                                                  
51000000320823722490000000003000000                                                                  
51000000320823722490000000003000000                                                                  
51000000320823722490000000003000000                                                                  
51000000320823722490000000003000000                                                                  
51000000320823722490000000003000000                                                                  
51000000320823722490000000003000000                                                                  
51000000320823722490000000003000000                                                                  
51000000320823722490000000003000000                                                                  
51000000320823722490000000003000000                                                                  
51000000320823722490000000003000000                                                                  
51000000320845082920000000003000000                                                                  
51000000320845082920000000003000000                                                                  
51000000320845082920000000003000000                                                                  
51000000320845082920000000003000000                                                                  
51000000320845082920000000003000000                                                                  
51000000320845082920000000003000000                                                                  
51000000320845082920000000003000000                                                                  
51000000320599480850000000006000000                                                                  
51000000336893755960000000006000000                                                                  
51000000318769389370000000003000000                                                                  
51000000318769389370000000003000000                                                                  
51000000318769389370000000003000000                                                                  
51000000318769389370000000003000000                                                                  
51000000318769389370000000003000000                                                                  
51000000348371492990000000006000000                                                                  
51000000318769389370000000003000000                                                                  
51000000318769389370000000003000000                                                                  
51000000336893754270000000006000000                                                                  
51000000336893755070000000006000000                                                                  
51000000318769389370000000003000000                                                                  
51000000318769389370000000003000000                                                                  
51000000318769389370000000003000000                                                                  
51000000318769389370000000003000000                                                                  
51000000318769389370000000003000000                                                                  
51000000318769389370000000003000000                                                                  
51000000318769389370000000003000000                                                                  
51000000347864831940000000006000000                                                                  
51000000318769389370000000003000000                                                                  
51000000336893756420000000006000000                                                                  
51000000336893754380000000006000000                                                                  
51000000329099722850000000003600000                                                                  
51000000348380043860000000003600000                                                                  
51000000336668860200000000003600000                                                                  
51000000331154606910000000003600000                                                                  
51000000112472556510000000008700000                                                                  
51000000112472556510000000008700000                                                                  
51000000112472556510000000008700000                                                                  
51000000112472556510000000008700000                                                                  
51000000112472556510000000008700000                                                                  
51000000112472556510000000008700000                                                                  
51000000112472556510000000008700000                                                                  
51000000112472556510000000008700000                                                                  
51000000112472556510000000008700000                                                                  
51000000112472556510000000008700000                                                                  
51000000112472556510000000008700000                                                                  
51000000112472556510000000008700000                                                                  
51000000112472556510000000008700000                                                                  
51000000112472556510000000008700000                                                                  
51000000112472556510000000008700000                                                                  
51000000112472556510000000008700000                                                                  
51000000112472556510000000008700000                                                                  
51000000112472556510000000008700000                                                                  
51000000112472556510000000008700000                                                                  
51000000112472556510000000008700000                                                                  
51000000112472556510000000008700000                                                                  
51000000112472556510000000008700000                                                                  
51000000112472556510000000008700000                                                                  
51000000110081920120000000006000000                                                                  
51000000348371817090000000006000000                                                                  
51000000348371733010000000006000000                                                                  
