01000000104373479310000000009000000                                                                  
01000000108451498430000000012000000                                                                  
01000000302880749020000000008500000                                                                  
01000000302783137300000000006000000                                                                  
01000000302214496330000000005000000                                                                  
01000000104224221460000000005000000                                                                  
01000000108451349050000000020000000                                                                  
01000000104224452000000000015500000                                                                  
01000000300292560610000000005000000                                                                  
01000000110399071490000000003000000                                                                  
01000000108451488390000000006500000                                                                  
01000000108450919470000000005500000                                                                  
01000000108451505080000000024000000                                                                  
01000000302803831680000000017200000                                                                  
01000000105584214190000000008000000                                                                  
01000000104224472300000000008500000                                                                  
01000000113137819860000000020000000                                                                  
01000000108451166790000000006500000                                                                  
01000000300323655860000000010000000                                                                  
01000000304323401030000000019000000                                                                  
01000000108450546540000000006300000                                                                  
01000000104224503330000000010000000                                                                  
01000000115274422690000000006500000                                                                  
01000000113137515320000000007000000                                                                  
01000000113138108730000000007000000                                                                  
01000000112828823070000000009400000                                                                  
01000000300285366490000000028000000                                                                  
01000000105584225710000000007000000                                                                  
01000000105584662010000000020000000                                                                  
01000000110399981830000000007000000                                                                  
51000008448109030010000000322400000                                                                  
