01000000348695490070000000005000000                                                                  
01000000348560754810000000005000000                                                                  
01000000348438487110000000005000000                                                                  
01000000312643689940000000010000000                                                                  
01000000314965024480000000005000000                                                                  
01000000329603758000000000010000000                                                                  
01000000348498367420000000010000000                                                                  
01000000348914053520000000005000000                                                                  
01000000326704388170000000010000000                                                                  
01000000201995946870000000007500000                                                                  
51999999999999999990000000072500000                                                                  
