51000000326455415530000000164563000                                                                  
51000000329961028640000000386343000                                                                  
51000000326691145240000000159829000                                                                  
51000000110932562040000002352219000                                                                  
51000000307562832800000000001210000                                                                  
51000000307562839050000000018682000                                                                  
51000000307562844110000000040818000                                                                  
51000000321286092380000000123503000                                                                  
51000000316289450210000000597866000                                                                  
51000000108896592630000000188963900                                                                  
51000000331897256640000000132898000                                                                  
51000000335879219500000000181810000                                                                  
51000000322818405210000000082002000                                                                  
51000000328592176910000000003157500                                                                  
51000000328592176910000000009234500                                                                  
51000000333079565770000000149913000                                                                  
51000000332297665620000000162718000                                                                  
51000000319241047940000000027376000                                                                  
51000000109494881870000002204332000                                                                  
51000000328233363030000000183121000                                                                  
51000000326599170660000000200000000                                                                  
51000000323581413240000000200000000                                                                  
51000000337963869800000000107874000                                                                  
51000000324414432060000000140960000                                                                  
51000000326880148540000000200000000                                                                  
51000000311478536660000000014252400                                                                  
51000000302484795100000000016539300                                                                  
51000000302484795100000000127985900                                                                  
51000000321571087580000000087492600                                                                  
51000000307344114470000000076894500                                                                  
51000000310735989790000000232299800                                                                  
51000000323923039200000000100000000                                                                  
51000000311592965530000002693086000                                                                  
51000000103080907750000004481267400                                                                  
51000000303207497460000000085963400                                                                  
51000000000708733010000000007825000                                                                  
51000000000708733010000000003109000                                                                  
51000000313476195400000000607546000                                                                  
51000000313476195400000000200000000                                                                  
51000000331897256640000000132898000                                                                  
51000000309477100350000000005961000                                                                  
51000000308347790950000000019251000                                                                  
51000000314817149710000000022180000                                                                  
51000000323703923160000000146243000                                                                  
51000000323703923160000000063812000                                                                  
