01000000113288258050000000020800000                                                                  
01000000316185443050000000018800000                                                                  
01000000116358320390000000016800000                                                                  
01000000116358309050000000020800000                                                                  
01000000113288257920000000018300000                                                                  
01000000310003492560000000015800000                                                                  
01000000111216958780000000022300000                                                                  
01000000111216956520000000017300000                                                                  
01000000111216956410000000020300000                                                                  
01000000113707368420000000019800000                                                                  
01000000113707368200000000019300000                                                                  
01000000312293299340000000016300000                                                                  
01000000317129340670000000017800000                                                                  
01000000116842251740000000021300000                                                                  
01000000116155803890000000017300000                                                                  
01000000116202776810000000022800000                                                                  
01000000116202702660000000020300000                                                                  
01000000346266665700000000019300000                                                                  
01000000323004418010000000018300000                                                                  
01000000310177574510000000023800000                                                                  
01000000116155803900000000019300000                                                                  
01000000116155803780000000013800000                                                                  
01000000313115897300000000018300000                                                                  
01000000331342814950000000018800000                                                                  
01000000113074068210000000016300000                                                                  
01000000328716659990000000018300000                                                                  
01000000116145607600000000012800000                                                                  
01000000343871394510000000022800000                                                                  
01000000305530293800000000018300000                                                                  
01000000328703886060000000019800000                                                                  
01000000305536670840000000020800000                                                                  
01000000316386572680000000017800000                                                                  
01000000329574534120000000015800000                                                                  
01000000111217031190000000021300000                                                                  
01000000310555858470000000020000000                                                                  
51000000349779625560000000661700000                                                                  
