01000000307744751200000000000400000                                                                  
01000000331370632230000000000400000                                                                  
01000000108598046470000000000400000                                                                  
01000000312574152530000000000400000                                                                  
01000000322487747140000000000400000                                                                  
01000000333307565130000000000400000                                                                  
01000000345061337060000000000400000                                                                  
01000000342801461840000000000400000                                                                  
01000000315392933910000000000400000                                                                  
01000000327219046790000000000400000                                                                  
01000000346548798900000000000400000                                                                  
01000000104942960900000000000400000                                                                  
01000000345046704600000000000400000                                                                  
01000000344351272830000000000400000                                                                  
01000000343989472620000000000400000                                                                  
01000000343989555240000000000400000                                                                  
01000000104943029350000000000400000                                                                  
01000000303864865190000000000400000                                                                  
01000000324374789720000000000400000                                                                  
01000000104943457210000000000400000                                                                  
01000000309439631260000000000400000                                                                  
01000000201951797550000000000400000                                                                  
01000000307599562210000000000400000                                                                  
01000000111375357020000000001400000                                                                  
01000000301626734890000000000400000                                                                  
01000000202630161820000000000800000                                                                  
01000000344254310350000000000400000                                                                  
01000000202471692520000000000400000                                                                  
01000000108598579520000000000400000                                                                  
01000000340051899190000000000400000                                                                  
01000000202471681910000000000400000                                                                  
01000000345203304230000000000400000                                                                  
01000000342984066000000000000400000                                                                  
01000000345520844800000000000400000                                                                  
01000000348394659490000000000400000                                                                  
01000000307837275210000000000400000                                                                  
01000000344103316600000000000400000                                                                  
01000000317969735520000000000400000                                                                  
01000000108598927590000000000400000                                                                  
01000000334055076750000000000285600                                                                  
01000000334855491460000000000285600                                                                  
01000000334624900730000000000285600                                                                  
01000000333995199030000000000285600                                                                  
01000000332882147590000000000285600                                                                  
01000000332236853170000000000285600                                                                  
01000000332332510580000000000285600                                                                  
01000000302906815160000000000285600                                                                  
01000000332224077920000000000285600                                                                  
01000000332318600940000000000285600                                                                  
01000000332332413130000000000285600                                                                  
01000000304033042930000000000285600                                                                  
01000000325070992680000000000285600                                                                  
01000000334856448570000000000285600                                                                  
01000000325469093920000000000285600                                                                  
01000000332320491190000000000285600                                                                  
01000000337980686030000000000285600                                                                  
01000000335688811030000000000285600                                                                  
01000000325662500300000000000285600                                                                  
01000000333877484730000000000285600                                                                  
01000000328461900580000000000285600                                                                  
01000000332503945610000000000285600                                                                  
01000000335247457510000000000285600                                                                  
01000000332227065430000000000285600                                                                  
01000000333181966680000000000285600                                                                  
01000000332333411570000000000285600                                                                  
01000000332852751250000000000285600                                                                  
01000000332328180420000000000285600                                                                  
01000000332816786490000000000285600                                                                  
01000001335998909040000000000285600                                                                  
01000000334855482230000000000285600                                                                  
01000000334734258400000000000285600                                                                  
51000000110118060010000000026139200                                                                  
