51000000326099930020000000075390900                                                                  
51000000109494883360000001241219000                                                                  
51000000300367840700000000784009000                                                                  
51000000300367840700000001827205000                                                                  
51000000109494882450000000953595700                                                                  
51000000301013646310000000705342300                                                                  
51000000301013646310000000728601000                                                                  
51000000109494881870000000504839900                                                                  
51000000310066897970000000036045000                                                                  
51000000311583942440000000013878000                                                                  
51000000308058670010000000019080000                                                                  
51000000303175717230000000140955000                                                                  
51000000300367840700000001465919000                                                                  
51000000301821918650000000425250000                                                                  
51000000303175717230000000416539000                                                                  
51000000300747803430000000382725000                                                                  
51000000109494882450000000235903000                                                                  
51000000301013646310000000572907000                                                                  
51000000109494882450000000235903000                                                                  
51000000301510054790000000550551000                                                                  
51000000109494882450000000824126000                                                                  
51000000313264285390000000011784000                                                                  
51000000302861840220000000913207000                                                                  
51000000303672828030000000559284000                                                                  
51000000301047331200000000347415000                                                                  
51000000109494883580000000399343000                                                                  
51000000109494883580000000591173000                                                                  
51000000109494883360000000390217500                                                                  
51000000301013646310000000757376200                                                                  
51000000321433030280000000252088000                                                                  
