51000000116203052460000000010000000                                                                  
51000000105766396270000000005000000                                                                  
51000000306392698940000000002300000                                                                  
51000000116156209580000000007900000                                                                  
51000000113567398630000000014200000                                                                  
51000000300449206820000000020000000                                                                  
51000000113296514830000000009200000                                                                  
51000000116156376220000000013800000                                                                  
51000000111218225030000000015000000                                                                  
51000000304428220380000000003900000                                                                  
51000000105765932500000000006000000                                                                  
51000000116842261440000000015800000                                                                  
51000000111218204920000000009900000                                                                  
51000000116156013120000000005000000                                                                  
51000000116203445820000000010000000                                                                  
51000000116156259350000000015000000                                                                  
51000000113567904450000000012000000                                                                  
51000000116201152560000000007500000                                                                  
51000000113296510180000000012000000                                                                  
51000000113296096220000000005000000                                                                  
51000000113708251880000000013800000                                                                  
51000000113708350720000000005000000                                                                  
51000000113296648220000000015000000                                                                  
51000000116203368200000000015000000                                                                  
51000000116146059530000000012100000                                                                  
51000000113568146390000000015000000                                                                  
51000000116156135770000000004000000                                                                  
51000000111218475950000000006000000                                                                  
51000000113074521980000000005000000                                                                  
51000000105766474700000000010000000                                                                  
51000000116146492210000000004000000                                                                  
51000000116203348230000000005400000                                                                  
51000000116146548980000000003000000                                                                  
51000000113567898820000000005000000                                                                  
51000000113708419050000000005700000                                                                  
51000000113567919930000000004700000                                                                  
51000000113567475030000000005700000                                                                  
51000000116203388060000000005000000                                                                  
51000000113708131830000000004980000                                                                  
51000000202502598880000000039289700                                                                  
51000000318277901020000000007328900                                                                  
51000000345009836240000000020533500                                                                  
51000000105408449220000000013881200                                                                  
51000000301156347070000000024732500                                                                  
51000000113074457480000000005600000                                                                  
51000000113289196680000000014600000                                                                  
51000000105766296310000000005400000                                                                  
51000000111218505070000000006000000                                                                  
51000000113289172200000000006600000                                                                  
51000000116842208450000000010000000                                                                  
51000000302477542270000000009000000                                                                  
51000000113288781430000000006100000                                                                  
51000000302491791730000000002800000                                                                  
51000000105766233450000000010000000                                                                  
51000000116201356910000000006000000                                                                  
51000000113289173440000000005700000                                                                  
51000000111218139170000000003700000                                                                  
51000000111218567570000000003100000                                                                  
