01000000327163075910000000005000000                                                                  
01000000348817536390000000005000000                                                                  
01000000348689890720000000005000000                                                                  
01000000341925756130000000005000000                                                                  
01000000348688806980000000005000000                                                                  
01000000346839715630000000005000000                                                                  
01000000348688877740000000005000000                                                                  
01000000348689919660000000005000000                                                                  
01000000348561842420000000005000000                                                                  
01000000348701270030000000005000000                                                                  
01000000348561856980000000005000000                                                                  
01000000348506748100000000005000000                                                                  
01000000316350287420000000005000000                                                                  
01000000331255019660000000005000000                                                                  
01000000315505201030000000004000000                                                                  
01000000338972445000000000005000000                                                                  
51999999999999999990000000079000000                                                                  
