01000000309103112820000000000570400                                                                  
01000000312603585150000000000570400                                                                  
01000000106162707920000000000595400                                                                  
01000000312424505340000000000547300                                                                  
01000000114558428350000000000986200                                                                  
01000000301200636520000000000656900                                                                  
01000000301788147640000000000640200                                                                  
01000000311300367210000000000918200                                                                  
01000000317216112950000000000699800                                                                  
01000000115646437990000000000690800                                                                  
01000000321825642340000000000656700                                                                  
01000000335333905340000000000622200                                                                  
01000000114901242080000000000960200                                                                  
01000000107440588920000000000880100                                                                  
01000000110851598670000000000963900                                                                  
01000000107440382630000000000989100                                                                  
01000000312384234820000000000989100                                                                  
01000000109128682300000000000986200                                                                  
01000000106641046810000000001039700                                                                  
01000000110851514270000000000934400                                                                  
01000000114558695390000000000942700                                                                  
01000000300831712160000000000602000                                                                  
01000000106769336580000000001094500                                                                  
01000000313033763120000000000866300                                                                  
01000000300599348470000000000897600                                                                  
01000000115665648580000000000731200                                                                  
01000000116135101310000000001039700                                                                  
01000000112890375860000000000921300                                                                  
01000000308392711570000000001066800                                                                  
01000000113822066850000000000985700                                                                  
01000000106641505480000000001121700                                                                  
01000000312409117680000000000840600                                                                  
01000000114558604900000000001028000                                                                  
01000000306152168390000000001066800                                                                  
01000000304139288340000000001085000                                                                  
01000000304148733480000000000946800                                                                  
01000000107440719470000000001179400                                                                  
01000000300358006390000000000570400                                                                  
01000000110851573720000000000570400                                                                  
01000000200179060520000000000335000                                                                  
01000000106768721400000000000611300                                                                  
01000000306277806320000000000602000                                                                  
01000000314168087550000000000598700                                                                  
01000000115362744270000000000598700                                                                  
01000000114709713830000000000366500                                                                  
01000000115054916070000000000366200                                                                  
01000000112890616320000000000598700                                                                  
01000000115054901370000000000366500                                                                  
01000000309234154150000000000362700                                                                  
01000000312791070930000000000592500                                                                  
01000000315585392200000000000547300                                                                  
01000000319870352470000000000675800                                                                  
01000000309245917380000000000366300                                                                  
01000000309237526190000000000366300                                                                  
01000000114555348630000000000362700                                                                  
01000000312732804170000000000362300                                                                  
01000000313188469860000000000362300                                                                  
01000000312754281700000000000592500                                                                  
01000000107440600500000000000592500                                                                  
01000000108499406710000000000362700                                                                  
01000000313143385790000000000592500                                                                  
01000000115362684250000000000592500                                                                  
01000000113341693100000000000362700                                                                  
01000000106769225680000000000362700                                                                  
01000000114901239630000000000362700                                                                  
01000000109044628290000000000592500                                                                  
01000000114901243440000000000592500                                                                  
01000000114709649990000000000335000                                                                  
01000000309256156150000000000362700                                                                  
01000000112890624110000000000570400                                                                  
01000000309259962230000000000362300                                                                  
01000000309208690510000000000349200                                                                  
01000000313376617310000000000592500                                                                  
01000000116135203650000000000349200                                                                  
01000000312818955780000000000570400                                                                  
01000000313438509240000000000349200                                                                  
01000000326156826920000000000570400                                                                  
01000000313236412900000000000349200                                                                  
01000000114552598410000000000570400                                                                  
01000000115508968460000000000570400                                                                  
01000000115054920000000000000570400                                                                  
01000000107440600610000000000570400                                                                  
01000000313721128700000000000592500                                                                  
01000000115036715350000000000592500                                                                  
01000000113341702340000000000570400                                                                  
01000000115054360770000000000547300                                                                  
01000000115573249960000000000570400                                                                  
01000000302380987520000000000362700                                                                  
01000000115036956140000000000570400                                                                  
01000000115665645190000000000570400                                                                  
01000000115508799110000000000335000                                                                  
01000000313041169980000000000349200                                                                  
01000000312339620760000000000335000                                                                  
01000000328804436120000000000547300                                                                  
01000000106769269700000000000570400                                                                  
01000000312849375610000000000570400                                                                  
01000000313272902450000000000380300                                                                  
01000000313039645530000000000570400                                                                  
01000000313039352370000000000570400                                                                  
01000000315589413850000000000349200                                                                  
01000000312809529910000000000349200                                                                  
01000000302066067190000000000570400                                                                  
01000000312342799060000000000349200                                                                  
01000000109044604350000000000349200                                                                  
01000000312833975030000000000362700                                                                  
01000000116135211320000000000570400                                                                  
01000000202156911760000000000547300                                                                  
01000000114901190500000000000349200                                                                  
01000000312730460780000000000570400                                                                  
01000000308415414390000000000570400                                                                  
01000000324128511180000000000547300                                                                  
01000000313253643460000000000349200                                                                  
01000000309277169490000000000349200                                                                  
01000000107965531360000000000592500                                                                  
01000000303313146000000000000570400                                                                  
01000000312378934150000000000349200                                                                  
01000000113341642320000000000570400                                                                  
01000000308826995880000000000570400                                                                  
01000000114709500890000000000547300                                                                  
01000000313248896040000000000570400                                                                  
01000000312240587740000000000570400                                                                  
01000000303013170940000000000570400                                                                  
01000000109044096600000000000349200                                                                  
01000000317127803550000000000698700                                                                  
01000000107440117390000000000343200                                                                  
01000000312851804850000000000349200                                                                  
01000000313322852390000000000570400                                                                  
01000000313548909310000000000570400                                                                  
01000000306083837840000000000570400                                                                  
01000000317214483740000000000570400                                                                  
01000000305086013000000000000570400                                                                  
01000000342572925330000000000560600                                                                  
01000000115054922710000000000570400                                                                  
01000000110851600550000000000570400                                                                  
01000000115362654020000000000349200                                                                  
01000000106769233450000000000621400                                                                  
01000000114555181610000000000570400                                                                  
01000000107440589500000000000570400                                                                  
01000000305249054120000000000576500                                                                  
01000000114558757800000000000570400                                                                  
01000000114894198750000000000349200                                                                  
01000000110851513360000000000570400                                                                  
01000000310002819770000000000592200                                                                  
01000000340401744990000000000547300                                                                  
01000000112890226820000000000934400                                                                  
01000000301742055640000000000570400                                                                  
01000000303241162550000000000335000                                                                  
01000000314380916270000000000921300                                                                  
01000000337880574900000000000552800                                                                  
01000000313191916180000000000547300                                                                  
01000000336341164110000000000547300                                                                  
01000000312942506240000000000349200                                                                  
01000000115362750560000000000710100                                                                  
01000000312819502340000000000695900                                                                  
01000000115664525000000000000661900                                                                  
01000000303979829880000000000394900                                                                  
01000000313332811750000000000570400                                                                  
01000000303606745780000000000661900                                                                  
01000000201980277320000000000557700                                                                  
01000000302971605630000000000640200                                                                  
01000000305345778840000000000402000                                                                  
01000000306715997870000000001094500                                                                  
01000000307916929940000000000645100                                                                  
01000000307136909330000000000640200                                                                  
01000000201392104450000000000804700                                                                  
01000000312875081970000000000608700                                                                  
01000000310228358980000000000547300                                                                  
01000000201807583760000000000708600                                                                  
01000000316554243230000000000335000                                                                  
01000000309259969820000000000472000                                                                  
01000000309422941440000000000335000                                                                  
01000000114901250200000000000363500                                                                  
01000000316554320500000000000547300                                                                  
01000000315639841180000000001054400                                                                  
01000000115510319830000000000335000                                                                  
01000000317514775800000000000656700                                                                  
01000000322444912760000000000632700                                                                  
01000000333798800800000000001094500                                                                  
01000000200562046810000000001151300                                                                  
01000000316356103790000000001115700                                                                  
01000000323644887560000000000834600                                                                  
01000000327951037850000000000547300                                                                  
01000000309203332030000000000496200                                                                  
01000000115646434720000000000608700                                                                  
01000000324842038860000000000865800                                                                  
01000000328567729420000000001248000                                                                  
01000000109044330250000000000598700                                                                  
01000000313197201000000000000598700                                                                  
01000000312389878130000000000659500                                                                  
01000000114555314320000000000678400                                                                  
01000000313438509240000000000656000                                                                  
01000000115054901370000000000715200                                                                  
01000000109250196650000000000570400                                                                  
01000000113341666470000000000733800                                                                  
01000000113341693100000000000740100                                                                  
01000000115054914040000000000548500                                                                  
01000000113341642090000000000688400                                                                  
01000000116179811960000000000661600                                                                  
01000000313236412900000000000733600                                                                  
01000000115367890490000000000571100                                                                  
01000000312339620760000000000539600                                                                  
01000000312377632360000000000548700                                                                  
01000000115573261320000000000382300                                                                  
01000000312402399080000000000732300                                                                  
01000000313251038590000000000750100                                                                  
01000000115367813240000000000592500                                                                  
01000000115573255040000000000737800                                                                  
01000000313039442310000000000693500                                                                  
01000000312962481600000000000612800                                                                  
01000000115054901480000000000725800                                                                  
01000000313089771030000000000790900                                                                  
01000000313244084450000000000552500                                                                  
01000000114556817280000000000549800                                                                  
01000000300415022500000000000570400                                                                  
01000000107440117390000000000757800                                                                  
01000000115054901260000000000765400                                                                  
01000000115054907610000000000765400                                                                  
01000000313513443060000000000757800                                                                  
01000000114901242640000000000727600                                                                  
01000000116135203760000000000737800                                                                  
01000000115054903310000000000824100                                                                  
01000000115054901150000000000737800                                                                  
01000000115362746190000000000785700                                                                  
01000000115510319830000000000777200                                                                  
01000000115665574440000000000778500                                                                  
01000000114558658180000000000570400                                                                  
01000000313041169980000000000834600                                                                  
01000000115362742900000000000856100                                                                  
01000000312809529910000000000882300                                                                  
01000000114709649990000000000783500                                                                  
01000000114709713830000000000786100                                                                  
01000000313041183390000000000708800                                                                  
01000000312617960470000000000882300                                                                  
01000000108499406710000000000806300                                                                  
01000000312342799060000000000856100                                                                  
01000000103265586980000000000783900                                                                  
01000000312918941960000000000633200                                                                  
01000000113341632830000000000934400                                                                  
01000000107440241700000000000856100                                                                  
01000000312851804850000000000908400                                                                  
01000000106769225790000000000632200                                                                  
01000000106769225680000000000908400                                                                  
01000000103265678510000000000570400                                                                  
01000000115665632750000000000908400                                                                  
01000000313912002640000000000908400                                                                  
01000000114901247960000000000908600                                                                  
01000000112890326120000000000934400                                                                  
01000000115054922150000000000908400                                                                  
01000000312962880450000000000908400                                                                  
01000000312480760460000000000693800                                                                  
01000000115054923400000000000757000                                                                  
01000000115665364010000000000848200                                                                  
01000000301874733340000000000788500                                                                  
01000000302293242850000000000848200                                                                  
01000000107440545250000000000908400                                                                  
01000000114558413650000000000842600                                                                  
01000000115362525170000000000934400                                                                  
01000000115362615430000000000960300                                                                  
01000000343896413590000000000863600                                                                  
01000000107440590340000000000963900                                                                  
01000000107440597930000000000963900                                                                  
01000000115054481190000000000960300                                                                  
01000000115054923620000000000986200                                                                  
01000000109044526620000000000757300                                                                  
01000000315589413850000000000791900                                                                  
01000000312732804170000000000570400                                                                  
01000000312806841140000000000701000                                                                  
01000000109044627940000000000570400                                                                  
01000000113821660500000000000989100                                                                  
01000000113821788050000000000989100                                                                  
01000000115510555190000000001014300                                                                  
01000000115510555200000000000774100                                                                  
01000000113822204850000000000850600                                                                  
01000000114555348630000000000693800                                                                  
01000000313251600910000000000774100                                                                  
01000000109044628630000000000713000                                                                  
01000000301774674470000000000809400                                                                  
01000000116179784890000000000824100                                                                  
01000000312481043500000000000570400                                                                  
01000000302380987520000000000569500                                                                  
01000000115054464170000000000897600                                                                  
01000000115054916070000000000897600                                                                  
01000000303143993910000000000759600                                                                  
01000000313244073830000000000978300                                                                  
01000000310758367200000000000570400                                                                  
01000000304802404740000000001039700                                                                  
01000000303176980930000000000860500                                                                  
01000000303221126500000000000846300                                                                  
01000000116134984530000000000898000                                                                  
01000000115362750900000000000799300                                                                  
01000000313253643460000000000693400                                                                  
01000000114560392660000000000614700                                                                  
01000000305206180910000000000660600                                                                  
01000000303376486500000000001094500                                                                  
01000000307209246230000000001066800                                                                  
01000000305351761220000000000978300                                                                  
01000000114901190500000000001011500                                                                  
01000000302153331590000000001094500                                                                  
01000000304795716020000000000689700                                                                  
01000000115779939860000000000829300                                                                  
01000000312613915290000000001037000                                                                  
01000000312404048720000000001037000                                                                  
01000000307103653710000000000978300                                                                  
01000000313188469860000000001037000                                                                  
01000000307166052290000000001037000                                                                  
01000000305345780380000000001039700                                                                  
01000000307225733320000000000645300                                                                  
01000000114894198750000000001094500                                                                  
01000000114558730780000000000978300                                                                  
01000000308710886840000000000937600                                                                  
01000000313651472120000000001073500                                                                  
01000000114901251550000000000672600                                                                  
01000000306601172980000000001121700                                                                  
01000000307589188000000000001248000                                                                  
01000000312685681050000000001094500                                                                  
01000000312674710890000000001094500                                                                  
01000000311513878910000000001161600                                                                  
01000000309254799310000000001179400                                                                  
01000000312244504890000000001176900                                                                  
01000000315963011670000000001179400                                                                  
01000000309211250670000000001213700                                                                  
01000000316554243230000000000866300                                                                  
01000000312378934150000000000570400                                                                  
01000000309237526190000000000977000                                                                  
01000000309267367510000000000634600                                                                  
01000000309208690510000000001147500                                                                  
01000000114709774090000000001179400                                                                  
01000000109044303080000000000862200                                                                  
01000000306372836840000000000571400                                                                  
01000000309211150600000000001115700                                                                  
01000000115362654020000000001179400                                                                  
01000000320475050680000000001108000                                                                  
01000000309208699250000000001210300                                                                  
01000000115054394320000000000547300                                                                  
01000000318919495760000000001219200                                                                  
01000000309242921380000000000991200                                                                  
01000000309292453540000000000866500                                                                  
01000000309240272710000000000968300                                                                  
01000000309285967100000000000916500                                                                  
01000000326473828500000000000916500                                                                  
01000000309255717210000000001112000                                                                  
01000000309278366420000000000634600                                                                  
01000000114901233510000000000823300                                                                  
01000000309291608530000000001213700                                                                  
01000000309268210700000000000942400                                                                  
01000000305345778840000000000942400                                                                  
01000000329418142860000000000996100                                                                  
01000000114901155120000000001179400                                                                  
01000000112890415040000000000942400                                                                  
51000000349682991110000000250302200                                                                  
