51000000112473003980000000002000000                                                                  
51000000344197044000000000002000000                                                                  
51000000332384444100000000002000000                                                                  
51000000112473152600000000002000000                                                                  
51000000344283908980000000002000000                                                                  
51000000113067768370000000002000000                                                                  
51000000113067973150000000002000000                                                                  
51000000304533119270000000002000000                                                                  
51000000200271840900000000002000000                                                                  
51000000114891964260000000002000000                                                                  
51000000344252622470000000002000000                                                                  
51000000335334287420000000002000000                                                                  
51000000326976799870000000002000000                                                                  
51000000327173411340000000002000000                                                                  
51000000322596603070000000002000000                                                                  
51000000324174869760000000002000000                                                                  
51000000312888451110000000002000000                                                                  
51000000115796428790000000002000000                                                                  
51000000322116217720000000002000000                                                                  
51000000327972790440000000002000000                                                                  
51000000313566468230000000002000000                                                                  
51000000338140464690000000002000000                                                                  
51000000327597948210000000002000000                                                                  
51000000113068003850000000002000000                                                                  
51000000116185475430000000002000000                                                                  
51000000311385937640000000002000000                                                                  
51000000201552801390000000002000000                                                                  
51000000110032595290000000002000000                                                                  
51000000202420061770000000002000000                                                                  
51000000344654145800000000002000000                                                                  
51000000301060971470000000002000000                                                                  
51000000200686375880000000002000000                                                                  
51000000334708655440000000002000000                                                                  
51000000314735453440000000002000000                                                                  
51000000200978019410000000002000000                                                                  
51000000317271805000000000002000000                                                                  
51000000334934473160000000002000000                                                                  
51000000323994228280000000002000000                                                                  
51000000343408392410000000002000000                                                                  
51000000314229532940000000002000000                                                                  
51000000115686883300000000002000000                                                                  
51000000327126583520000000002000000                                                                  
51000000343897644610000000002000000                                                                  
51000000115796891810000000002000000                                                                  
51000000112471076560000000002000000                                                                  
51000000115092808410000000002000000                                                                  
51000000306695030240000000002000000                                                                  
51000000325157117300000000002000000                                                                  
51000000325157118210000000002000000                                                                  
51000000325290371370000000002000000                                                                  
51000000307524811170000000002000000                                                                  
51000000322667743940000000002000000                                                                  
51000000308928702810000000002000000                                                                  
51000000327663189570000000002000000                                                                  
51000000201173765640000000002000000                                                                  
51000000115460687390000000002000000                                                                  
51000000327946998120000000002000000                                                                  
51000000342598965320000000002000000                                                                  
51000000313125111270000000002000000                                                                  
51000000342505525330000000002000000                                                                  
51000000327924828460000000002000000                                                                  
51000000335522080310000000002000000                                                                  
51000000344376570930000000002000000                                                                  
51000000340143139930000000002000000                                                                  
51000000340928587080000000002000000                                                                  
51000000115507394070000000002000000                                                                  
51000000322745151580000000002000000                                                                  
51000000327277990990000000002000000                                                                  
51000000322768661600000000002000000                                                                  
51000000316170853280000000002000000                                                                  
51000000328384945240000000002000000                                                                  
51000000307425205350000000002000000                                                                  
51000000318749083470000000002000000                                                                  
51000000201370163030000000002000000                                                                  
51000000331473359570000000002000000                                                                  
51000000325916963230000000002000000                                                                  
51000000347414479970000000002000000                                                                  
51000000344126912260000000002000000                                                                  
51000000318845449870000000002000000                                                                  
51000000302516805860000000002000000                                                                  
51000000343730405710000000002000000                                                                  
51000000114751769930000000002000000                                                                  
51000000340746333330000000002000000                                                                  
51000000344113285130000000002000000                                                                  
51000000338807419950000000002000000                                                                  
51000000115683154360000000002000000                                                                  
51000000343682107790000000002000000                                                                  
51000000328173341220000000002000000                                                                  
51000000309025077170000000002000000                                                                  
51000000201978931130000000002000000                                                                  
51000000306070917690000000002000000                                                                  
51000000342598948850000000002000000                                                                  
51000000103823393950000000002000000                                                                  
51000000322689091940000000002000000                                                                  
51000000116185570390000000002000000                                                                  
51000000344328545290000000002000000                                                                  
51000000335148789650000000002000000                                                                  
51000000311400022350000000002000000                                                                  
51000000201477877380000000002000000                                                                  
51000000324354112270000000002000000                                                                  
51000000326930042580000000002000000                                                                  
51000000343149674920000000002000000                                                                  
51000000325116821560000000002000000                                                                  
51000000105351547540000000002000000                                                                  
51000000323638172280000000002000000                                                                  
51000000344471152410000000002000000                                                                  
51000000305656015520000000002000000                                                                  
51000000115273327980000000002000000                                                                  
51000000109342034160000000002000000                                                                  
51000000318301715280000000002000000                                                                  
51000000317457810090000000002000000                                                                  
51000000344403508700000000002000000                                                                  
51000000335266174660000000002000000                                                                  
51000000320960569420000000002000000                                                                  
51000000107198395820000000002000000                                                                  
51000000340009032480000000002000000                                                                  
51000000107198089950000000002000000                                                                  
51000000308227591860000000002000000                                                                  
51000000325757275790000000002000000                                                                  
51000000332988805460000000002000000                                                                  
51000000202160936170000000002000000                                                                  
51000000344578013730000000002000000                                                                  
51000000328378130980000000002000000                                                                  
51000000110906759080000000002000000                                                                  
51000000115363799840000000002000000                                                                  
51000000110906814350000000002000000                                                                  
51000000107309972360000000002000000                                                                  
51000000344127080590000000002000000                                                                  
51000000200452667210000000002000000                                                                  
51000000338711460460000000002000000                                                                  
51000000114749940240000000002000000                                                                  
51000000110906294630000000002000000                                                                  
51000000200271745360000000002000000                                                                  
51000000340325561280000000002000000                                                                  
51000000305736720240000000002000000                                                                  
51000000325663909740000000002000000                                                                  
51000000335931149500000000002000000                                                                  
51000000328282296690000000002000000                                                                  
51000000116390257460000000002000000                                                                  
510000000001.11E+110000000002000000                                                                  
51000000328067872990000000002000000                                                                  
51000000202023327660000000002000000                                                                  
51000000326406108620000000002000000                                                                  
51000000346017098290000000002000000                                                                  
51000000109341742450000000002000000                                                                  
51000000202023317390000000002000000                                                                  
51000000300734717000000000002000000                                                                  
51000000308693240930000000002000000                                                                  
51000000330744265300000000002000000                                                                  
51000000201381402160000000002000000                                                                  
51000000202221887180000000002000000                                                                  
51000000341371139380000000002000000                                                                  
51000000344082365450000000002000000                                                                  
51000000344552126200000000002000000                                                                  
51000000344082662850000000002000000                                                                  
51000000201335380510000000002000000                                                                  
51000000113545714690000000002000000                                                                  
51000000347403163060000000002000000                                                                  
51000000338876568430000000002000000                                                                  
51000000340964165280000000002000000                                                                  
51000000309385632940000000002000000                                                                  
51000000202238868460000000002000000                                                                  
51000000308674105100000000002000000                                                                  
51000000337256452380000000002000000                                                                  
51000000328271062730000000002000000                                                                  
51000000113545709860000000002000000                                                                  
51000000340778988530000000002000000                                                                  
51000000335503633150000000002000000                                                                  
51000000200274452150000000002000000                                                                  
51000000344043464720000000002000000                                                                  
51000000318518800750000000002000000                                                                  
51000000327761922930000000002000000                                                                  
51000000101384359080000000002000000                                                                  
51000000201456230890000000002000000                                                                  
51000000341952275170000000002000000                                                                  
51000000303159420900000000002000000                                                                  
51000000334126344250000000002000000                                                                  
51000000335102872620000000002000000                                                                  
51000000322741409030000000002000000                                                                  
51000000334158646370000000002000000                                                                  
51000000329941418950000000002000000                                                                  
51000000317794658680000000002000000                                                                  
51000000112473815840000000002000000                                                                  
51000000334308939190000000002000000                                                                  
51000000107207230170000000002000000                                                                  
51000000347393360970000000002000000                                                                  
51000000347242865200000000002000000                                                                  
51000000347364456350000000002000000                                                                  
51000000116392095200000000002000000                                                                  
51000000338689724750000000002000000                                                                  
51000000327361377370000000002000000                                                                  
51000000316305724590000000002000000                                                                  
51000000342514783970000000002000000                                                                  
51000000322767168170000000002000000                                                                  
51000000324472263210000000002000000                                                                  
51000000033917294880000000002000000                                                                  
51000000116136602560000000002000000                                                                  
51000000328064083710000000002000000                                                                  
51000000327255802520000000002000000                                                                  
51000000108927757490000000002000000                                                                  
51000000110260302180000000002000000                                                                  
51000000106878290990000000002000000                                                                  
51000000202000764830000000002000000                                                                  
51000000322748238540000000002000000                                                                  
51000000327045510540000000002000000                                                                  
51000000322709870000000000002000000                                                                  
51000000116436138120000000002000000                                                                  
51000000201876780410000000002000000                                                                  
51000000347406679120000000002000000                                                                  
51000000322786812240000000002000000                                                                  
51000000202255499660000000002000000                                                                  
51000000113019279750000000002000000                                                                  
51000000113019892840000000002000000                                                                  
51000000310517949010000000002000000                                                                  
51000000322725314990000000002000000                                                                  
51000000344316738260000000002000000                                                                  
51000000344316742520000000002000000                                                                  
51000000202009973700000000002000000                                                                  
51000000201677181820000000002000000                                                                  
51000000322831317480000000002000000                                                                  
51000000341028230070000000002000000                                                                  
51000000339896594080000000002000000                                                                  
51000000336804419320000000002000000                                                                  
51000000201177538950000000002000000                                                                  
51000000340916683880000000002000000                                                                  
51000000310807617100000000002000000                                                                  
51000000110406878000000000002000000                                                                  
51000000200618152980000000002000000                                                                  
51000000322787134170000000002000000                                                                  
51000000344956531350000000002000000                                                                  
51000000115799894350000000002000000                                                                  
51000000201238610860000000002000000                                                                  
51000000115800191330000000002000000                                                                  
51000000322800056910000000002000000                                                                  
51000000322691816960000000002000000                                                                  
51000000114994478120000000002000000                                                                  
51000000336692827850000000002000000                                                                  
51000000325292324020000000002000000                                                                  
51000000344054873000000000002000000                                                                  
51000000310902770890000000002000000                                                                  
51000000113598976790000000002000000                                                                  
51000000340508700410000000002000000                                                                  
51000000202354351180000000002000000                                                                  
51000000343898327840000000002000000                                                                  
51000000340272433400000000002000000                                                                  
