51000000305824392790000000006000000                                                                  
51000000328938642840000000010000000                                                                  
51000000302638092350000000010000000                                                                  
51000000330945803490000000010000000                                                                  
51000000335782105850000000006000000                                                                  
51000000317113006650000000010000000                                                                  
51000000347439390330000000006000000                                                                  
51000000336562606400000000006000000                                                                  
51000000333027088800000000006000000                                                                  
51000000325911820120000000006000000                                                                  
51000000334423847610000000006000000                                                                  
51000000334029873030000000006000000                                                                  
51000000334028419650000000006000000                                                                  
51000000115022337400000000006000000                                                                  
51000000325911797230000000006000000                                                                  
51000000316258802680000000006000000                                                                  
51000000328706989810000000006000000                                                                  
