01000000338064561350000000006000000                                                                  
01000000338740665970000000006000000                                                                  
01000000339133586580000000006000000                                                                  
01000000339134625800000000006000000                                                                  
01000000339134615640000000006000000                                                                  
01000000339157788960000000010000000                                                                  
01000000339428977200000000006000000                                                                  
01000000338643311060000000006000000                                                                  
01000000327114763160000000010000000                                                                  
01000000308855895160000000003600000                                                                  
01000000330678595960000000006000000                                                                  
01000000202008230410000000010000000                                                                  
01000000338685964320000000006000000                                                                  
01000000338685735270000000006000000                                                                  
01000000338164314590000000006000000                                                                  
01000000338064396180000000006000000                                                                  
01000000307398159220000000004800000                                                                  
01000000339799807070000000006000000                                                                  
01000000320849785420000000006000000                                                                  
01000000338097773260000000006000000                                                                  
01000000323544331160000000006000000                                                                  
01000000328566385770000000006000000                                                                  
01000000305932302290000000006000000                                                                  
01000000341959081190000000006000000                                                                  
01000000328566321880000000006000000                                                                  
01000000325642429180000000006000000                                                                  
01000000337532368760000000006000000                                                                  
01000000338616876900000000010000000                                                                  
01000000347865072290000000009000000                                                                  
01000000304231228880000000006000000                                                                  
01000000115837465980000000003000000                                                                  
01000000115837394550000000003000000                                                                  
01000000309403982680000000003000000                                                                  
01000000328163174710000000003000000                                                                  
01000000309024701620000000003000000                                                                  
01000000316676725660000000006000000                                                                  
01000000327917503740000000003600000                                                                  
01000000324991282100000000003000000                                                                  
01000000328655546950000000006000000                                                                  
01000000335695135240000000003000000                                                                  
01000000335931142460000000006000000                                                                  
51999999999999999990000000238000000                                                                  
