01000000116155811120000000005249200                                                                  
01000000318612498760000000005109800                                                                  
01000000116155841680000000005062500                                                                  
01000000116145613450000000003954800                                                                  
01000000306617574090000000002795800                                                                  
01000000306631154040000000005387400                                                                  
01000000323580079880000000003846700                                                                  
01000000324260659670000000005248300                                                                  
01000000113567203640000000002629800                                                                  
01000000324356859920000000003873300                                                                  
01000000324313302260000000002038900                                                                  
01000000324997378110000000015519800                                                                  
01000000308145688280000000003155000                                                                  
01000000324618458990000000003073600                                                                  
01000000308928070040000000006571300                                                                  
01000000116358346930000000002093600                                                                  
01000000324620241220000000001859300                                                                  
01000000325049758420000000002780800                                                                  
01000000327947918620000000005392900                                                                  
01000000316254862950000000005115300                                                                  
01000000302698398210000000006672400                                                                  
01000000323016277050000000003939200                                                                  
01000000105408339530000000002324000                                                                  
01000000105408154360000000003124500                                                                  
01000000323052237420000000001940700                                                                  
01000000301716037820000000001918300                                                                  
01000000324750588610000000003574600                                                                  
01000000113074249090000000001978100                                                                  
01000000326719299950000000001212900                                                                  
01000000306766714110000000002837600                                                                  
01000000348494739680000000001795900                                                                  
01000000115954432380000000001997600                                                                  
01000003014142405-10000000000443500                                                                  
01000000113567300100000000001051900                                                                  
01000000113567501400000000001110300                                                                  
01000000116156059740000000002066200                                                                  
01000000105766048430000000000451400                                                                  
01000000301971403360000000001619300                                                                  
01000000112691468400000000000735500                                                                  
01000000113263789250000000000443500                                                                  
01000000116203649940000000000735500                                                                  
01000000116146249760000000001521100                                                                  
013020000000000E30200000000000000000000840300                                                                  
01000000301972439440000000002021800                                                                  
01000000116203180180000000002074400                                                                  
01000000105766110450000000001818700                                                                  
01000000106539558280000000001268300                                                                  
01000000301716037820000000000641900                                                                  
01000000111525330790000000001342000                                                                  
01000000116203116800000000001446200                                                                  
01000000309128303970000000000735500                                                                  
01000000113567461900000000000762800                                                                  
01000000315017682790000000000735500                                                                  
01000000309432572810000000001919600                                                                  
01000000307976980260000000001245200                                                                  
01000000306845396190000000000706500                                                                  
01000000116842197160000000001351500                                                                  
01000000302698398320000000001932500                                                                  
01000000320586273790000000001764400                                                                  
01000000309947979290000000001512000                                                                  
01000000319546772160000000001425800                                                                  
01000000330150205730000000001120300                                                                  
01000000338337236430000000001308800                                                                  
51000000338814547410000000162226100                                                                  
