51000000325283550940000000005000000                                                                  
51000000336958318580000000005000000                                                                  
51000000115157679830000000007500000                                                                  
51000000330006564120000000005000000                                                                  
51000000324047640180000000005000000                                                                  
51000000317355409170000000003000000                                                                  
51000000339367367030000000003000000                                                                  
51000000202123160400000000005000000                                                                  
51000000326413116240000000005000000                                                                  
51000000327963371670000000005000000                                                                  
51000000339473254740000000005000000                                                                  
51000000115335171140000000005000000                                                                  
51000000309422709500000000005000000                                                                  
51000000116008410430000000005000000                                                                  
51000000332214683490000000005000000                                                                  
51000000107229914510000000004500000                                                                  
51000000338101060470000000005000000                                                                  
51000000314480090830000000005000000                                                                  
51000000339272191200000000005000000                                                                  
