01000000330846002340000000070425000                                                                  
01000000328944020460000000008314500                                                                  
01000000332620963460000000045086700                                                                  
01000000316755255770000000001954100                                                                  
01000000301977672530000000004669000                                                                  
01000000316453507790000000018778800                                                                  
01000000314629823090000000013527900                                                                  
01000000322832695410000000009224300                                                                  
01000000323754255880000000040079400                                                                  
01000000314629823090000000027585500                                                                  
01000000316387932550000000004071000                                                                  
01000000316387932550000000008398500                                                                  
01000000327415744530000000006530600                                                                  
01000000317434665890000000010385600                                                                  
01000000322832695410000000024412800                                                                  
01000000107310067780000000006279000                                                                  
01000000314548009080000000010847200                                                                  
01000000314548009080000000016746900                                                                  
01000000343036027940000000069470100                                                                  
01000000316755255770000000001954100                                                                  
01000000321683521820000000029726200                                                                  
01000000348336673060000000031988800                                                                  
01000000326800336240000000036407700                                                                  
01000000329852031170000000042260300                                                                  
01000000329730131200000000160854500                                                                  
01000000317034095500000000038646100                                                                  
01000000319084341320000000024450000                                                                  
01000000325015057660000001354134100                                                                  
51999999999999999990000002117208700                                                                  
