01000000106161652230000000010000000                                                                  
01000000114558321560000000008800000                                                                  
01000000106161665440000000010000000                                                                  
01000000303190152430000000010000000                                                                  
01000000114558321450000000007200000                                                                  
01000000302681442850000000008400000                                                                  
01000000318924302870000000010000000                                                                  
01000000107964820840000000010000000                                                                  
01000000107964820620000000010000000                                                                  
01000000114555328770000000010000000                                                                  
01000000322385081760000000010000000                                                                  
01000000114556135760000000010000000                                                                  
01000000327765356730000000007600000                                                                  
01000000114995984190000000010000000                                                                  
01000000115645883060000000010000000                                                                  
01000000115645877540000000008000000                                                                  
01000000340572361870000000010000000                                                                  
01000000115664239860000000010000000                                                                  
01000000311501596590000000010000000                                                                  
01000000106640741550000000008800000                                                                  
01000000301119386070000000008400000                                                                  
01000000115362290760000000006800000                                                                  
01000000105747141220000000007600000                                                                  
01000000306692510650000000010000000                                                                  
01000000105747141770000000010000000                                                                  
01000000109043998870000000009600000                                                                  
01000000331233010170000000008400000                                                                  
01000000109044002930000000010000000                                                                  
01000000109739390510000000008400000                                                                  
01000000109249063410000000010000000                                                                  
01000000301023534810000000007200000                                                                  
01000000300576328940000000005600000                                                                  
01000000106768426820000000008000000                                                                  
01000000106768418040000000010000000                                                                  
01000000106768422290000000009200000                                                                  
01000000331430276950000000009200000                                                                  
01000000328348206540000000008000000                                                                  
01000000115367488420000000006400000                                                                  
01000000325691865810000000009200000                                                                  
01000000115054072620000000007600000                                                                  
01000000110850897840000000010000000                                                                  
01000000110850898190000000006800000                                                                  
01000000110850898080000000010000000                                                                  
01000000116179224470000000008000000                                                                  
01000000338573896540000000009200000                                                                  
01000000110850898200000000008400000                                                                  
01000000306264185490000000010000000                                                                  
01000000107964889380000000010000000                                                                  
01000000308182035890000000010000000                                                                  
01000000301661408210000000010000000                                                                  
01000000107439684830000000010000000                                                                  
01000000105747144060000000010000000                                                                  
01000000319551067720000000010000000                                                                  
01000000301702593970000000010000000                                                                  
01000000302418111600000000010000000                                                                  
51000000338814547410000000500800000                                                                  
