01000000334833281070000000001175000                                                                  
01000000106539217070000000000973600                                                                  
01000000113074472680000000000585500                                                                  
01000000105765934090000000000757500                                                                  
01000000303200548010000000000604500                                                                  
01000000105766259880000000000220500                                                                  
01000000311780073440000000000105000                                                                  
01000000105766396270000000000125000                                                                  
01000000302202912670000000002774400                                                                  
01000000113567213910000000000226000                                                                  
01000000116146838960000000000607500                                                                  
01000000116202962290000000000090000                                                                  
01000000113263768580000000000153200                                                                  
01000000105766233340000000000032000                                                                  
01000000305015360730000000000038000                                                                  
01000000113567606240000000000135000                                                                  
01000000116358607700000000000048000                                                                  
01000000105766321010000000000044400                                                                  
01000000302215718330000000000037000                                                                  
01000000300529183240000000000694000                                                                  
01000000116156056010000000000022000                                                                  
01000000105766253540000000000172500                                                                  
01000000105766291870000000000607500                                                                  
01000000105766409510000000000242000                                                                  
51000000338814547410000000010470100                                                                  
