51000000116146447990000000004500000                                                                  
51000000116156036580000000005000000                                                                  
51000000113708278770000000004600000                                                                  
51000000311471525370000000003000000                                                                  
51000000305700487880000000004000000                                                                  
51000000310992574960000000004500000                                                                  
51000000116229264440000000005000000                                                                  
51000000115954665060000000005700000                                                                  
51000000116146531790000000005700000                                                                  
51000000116146861490000000004600000                                                                  
51000000113288767350000000004400000                                                                  
51000000113288711140000000006000000                                                                  
51000000116156337290000000004500000                                                                  
51000000113288856500000000005000000                                                                  
51000000106539402540000000005800000                                                                  
51000000113288551040000000006500000                                                                  
51000000116358613660000000006000000                                                                  
51000000116201320880000000004400000                                                                  
51000000309721504800000000003200000                                                                  
51000000116146013240000000006000000                                                                  
51000000301111064200000000003800000                                                                  
51000000116156450330000000005000000                                                                  
51000000304079416690000000005000000                                                                  
51000000111217783460000000010000000                                                                  
51000000113567674490000000010000000                                                                  
51000000113708136820000000010000000                                                                  
51000000106539390220000000040000000                                                                  
51000000330269632970000000009100000                                                                  
51000000105766391510000000004500000                                                                  
51000000116358614020000000021800000                                                                  
51000000111217764510000000005000000                                                                  
51000000113707953220000000006000000                                                                  
51000000105408484950000000007200000                                                                  
51000000113567242120000000012100000                                                                  
51000000111218217570000000025000000                                                                  
51000000113567368170000000005700000                                                                  
51000000300812916820000000010000000                                                                  
51000000113074534420000000013000000                                                                  
51000000116358585690000000006000000                                                                  
51000000113708127250000000013000000                                                                  
51000000106539396120000000009000000                                                                  
51000000116203084740000000007200000                                                                  
51000000116842077770000000007000000                                                                  
51000000116358601350000000005000000                                                                  
51000000111218196680000000010000000                                                                  
51000000116358563780000000015000000                                                                  
51000000113708221870000000006000000                                                                  
51000000116203426860000000007300000                                                                  
51000000113707543070000000010000000                                                                  
51000000105766476390000000007600000                                                                  
51000000113708262720000000012400000                                                                  
51000000116842185870000000013800000                                                                  
51000000116358536500000000002600000                                                                  
51000000105766253430000000006500000                                                                  
51000000113707794450000000017500000                                                                  
51000000113289287750000000009500000                                                                  
51000000116842207650000000006000000                                                                  
51000000111218395420000000004400000                                                                  
51000000116842352510000000009900000                                                                  
51000000116146372820000000004800000                                                                  
51000000113708241170000000005000000                                                                  
51000000111218158570000000014000000                                                                  
51000000113296641520000000012500000                                                                  
