51000000730776681040000000003000000                                                                  
51000000730768931410000000010000000                                                                  
51000000730600631500000000003600000                                                                  
51000000731022547650000000006000000                                                                  
51000000336615342320000000003600000                                                                  
51000000337106644490000000006000000                                                                  
51000000330624170530000000006000000                                                                  
51000000329585596540000000006000000                                                                  
51000000329601693430000000006000000                                                                  
51000000301156702350000000006000000                                                                  
51000000336657609590000000010000000                                                                  
51000000300757744180000000006000000                                                                  
51000000336167358740000000006000000                                                                  
51000000336532067320000000006000000                                                                  
51000000114975393630000000006000000                                                                  
51000000321239837090000000010000000                                                                  
51000000335082146380000000003000000                                                                  
