51000000112572051080000000072131500                                                                  
51000000115774720120000000037648100                                                                  
51000000113019150290000000043461700                                                                  
51000000306558563380000000029160800                                                                  
51000000308629071060000000038639100                                                                  
51000000112495957860000000057230400                                                                  
51000000110697197850000000038960000                                                                  
51000000332624315030000000015886200                                                                  
51000000115346170270000000035685300                                                                  
51000000311254360580000000024683700                                                                  
51000000327914344620000000012265700                                                                  
51000000330604495530000000010276000                                                                  
51000000111091170180000000040651700                                                                  
51000000113137351230000000031129800                                                                  
51000000115490770250000000028365100                                                                  
51000000113188950250000000076994700                                                                  
51000000106262024030000000020544100                                                                  
