01000000318110184840000000000773800                                                                  
01000000320309369770000000002555400                                                                  
01000000322511108830000000002121400                                                                  
01000000318110184840000000000634400                                                                  
01000000322511108830000000000647100                                                                  
01000000332620963460000000002608600                                                                  
01000000314629823090000000001989600                                                                  
01000000314629823090000000004742400                                                                  
01000000314629823090000000004036300                                                                  
01000000314629823090000000001298300                                                                  
01000000310985863520000000003548500                                                                  
01000000329666808530000000004047000                                                                  
01000000314629823090000000002653100                                                                  
01000000314629823090000000006323900                                                                  
01000000314629823090000000005382000                                                                  
01000000314629823090000000003450500                                                                  
01000000314629823090000000001818100                                                                  
01000000322832695410000000000268800                                                                  
01000000322832695410000000000296500                                                                  
01000000329666808530000000002028300                                                                  
01000000314758498720000000009950100                                                                  
01000000314758498720000000005521200                                                                  
01000000329666808530000000002531900                                                                  
01000000317434665890000000004453900                                                                  
01000000317434665890000000004405800                                                                  
01000000317434665890000000004086300                                                                  
01000000107310067780000000001721700                                                                  
01000000318110184840000000000634400                                                                  
01000000032251110880000000000647100                                                                  
01000000323380505080000000001891200                                                                  
01000000328285765000000000001795900                                                                  
01000000329730131200000000001332900                                                                  
01000000323902427970000000032512100                                                                  
01000000323380505080000000001735800                                                                  
01000000329730131200000000001557600                                                                  
01000003109980715800000000005091000                                                                  
01000003109980715800000000001530000                                                                  
01000000318703061070000000001769700                                                                  
01000000316852510790000000000203100                                                                  
01000000308423815290000000000945900                                                                  
01000000322888762430000000000417000                                                                  
01000000326350225620000000000365500                                                                  
01000000308423815290000000001582000                                                                  
01000000319669508950000000003330000                                                                  
51999999999999999990000000141236100                                                                  
