51000000010024619620000000002500000                                                                  
51000000010024452370000000002000000                                                                  
51000000730613768220000000003000000                                                                  
51000000730999712370000000003000000                                                                  
51000000010052737590000000003000000                                                                  
51000000730788346150000000002500000                                                                  
51000000010062509790000000005000000                                                                  
51000000730647096120000000003000000                                                                  
51000000730740172560000000003000000                                                                  
51000000730695363360000000002500000                                                                  
51000000730732045650000000003000000                                                                  
51000000730817092920000000003000000                                                                  
51000000730778358700000000003000000                                                                  
51000000730721440270000000003000000                                                                  
51000000730696981840000000003000000                                                                  
51000000730759116060000000002500000                                                                  
51000000730931306530000000002500000                                                                  
51000000730778407000000000003000000                                                                  
51000000730753226330000000003000000                                                                  
51000000730695361760000000002500000                                                                  
51000000730759773280000000002500000                                                                  
51000000730512220350000000005000000                                                                  
51000000730759509290000000001875000                                                                  
51000000730749111200000000003000000                                                                  
51000000730784854260000000003000000                                                                  
51000000730750352740000000003000000                                                                  
51000000730784920910000000003000000                                                                  
51000000730785244770000000003000000                                                                  
51000000730776566200000000002500000                                                                  
51000000730748100640000000003000000                                                                  
51000000730776568680000000002500000                                                                  
51000000730779124380000000002500000                                                                  
51000000730776565960000000002500000                                                                  
51000000730776566080000000003000000                                                                  
51000000730766283000000000002500000                                                                  
51000000730771560260000000003000000                                                                  
51000000730758754960000000003000000                                                                  
51000000730748098860000000003000000                                                                  
51000000730776568240000000002500000                                                                  
51000000730776568460000000002500000                                                                  
51000000730656899900000000002500000                                                                  
51000000010024388190000000002500000                                                                  
51000000730782781790000000002500000                                                                  
51000000730784176360000000002500000                                                                  
51000000730794136630000000003000000                                                                  
51000000010024426770000000003000000                                                                  
51000000730474052630000000002500000                                                                  
51000000730782799330000000002500000                                                                  
51000000338642550880000000003000000                                                                  
51000000338638910910000000003000000                                                                  
51000000338638920840000000003000000                                                                  
51000000338636391990000000005000000                                                                  
51000000338692535300000000003000000                                                                  
51000000338636349850000000003000000                                                                  
51000000338636411090000000003000000                                                                  
51000000338016277100000000003000000                                                                  
51000000339299392580000000003000000                                                                  
51000000339012916500000000003000000                                                                  
51000000338945197050000000003000000                                                                  
51000000339204059060000000003000000                                                                  
51000000338908970550000000002500000                                                                  
51000000338988688770000000002500000                                                                  
51000000339085120510000000003000000                                                                  
51000000338035416140000000002500000                                                                  
51000000338996935420000000002000000                                                                  
51000000339101201050000000010000000                                                                  
51000000339084595730000000002000000                                                                  
51000000339152907530000000002000000                                                                  
51000000347520879270000000005000000                                                                  
51000000335804802390000000003000000                                                                  
51000000336290681110000000002500000                                                                  
51000000336201141460000000002500000                                                                  
51000000335804751940000000003000000                                                                  
51000000335804227870000000003000000                                                                  
51000000335804770330000000002500000                                                                  
51000000335804835810000000003000000                                                                  
51000000336201099630000000002500000                                                                  
51000000336290638710000000003000000                                                                  
51000000033580481240000000003000000                                                                  
51000000336201228490000000002500000                                                                  
51000000336245429630000000002500000                                                                  
51000000336625094530000000002000000                                                                  
51000000347635582830000000002500000                                                                  
51000000347633235670000000002500000                                                                  
51000000347633200550000000002000000                                                                  
51000000347633214800000000002500000                                                                  
51000000347633260910000000002500000                                                                  
51000000347633225860000000002000000                                                                  
51000000347633268300000000002500000                                                                  
51000000347633190400000000002000000                                                                  
51000000347633170210000000002500000                                                                  
51000000337315738510000000002000000                                                                  
51000000337315749800000000003000000                                                                  
51000000338258756860000000003000000                                                                  
51000000338258768940000000002000000                                                                  
51000000338258797370000000003000000                                                                  
51000000338258751760000000002500000                                                                  
51000000338258762710000000003000000                                                                  
51000000338257786040000000002000000                                                                  
51000000338258742070000000002500000                                                                  
51000000338258812370000000002000000                                                                  
51000000338258804370000000002000000                                                                  
51000000338258736440000000002500000                                                                  
51000000338258730210000000002000000                                                                  
51000000338258698210000000002500000                                                                  
51000000338258780080000000003000000                                                                  
51000000338258705190000000002000000                                                                  
51000000338258715350000000002500000                                                                  
51000000338258818490000000002500000                                                                  
51000000309183094570000000003000000                                                                  
51000000338258784840000000002500000                                                                  
51000000338258747400000000003000000                                                                  
51000000338258722550000000002000000                                                                  
51000000115860343610000000002500000                                                                  
51000000115723066720000000003000000                                                                  
51000000323539854100000000002500000                                                                  
51000000325083272850000000003000000                                                                  
51000000326816834930000000003000000                                                                  
51000000115722638140000000003000000                                                                  
51000000115722732480000000002500000                                                                  
51000000329990568230000000002500000                                                                  
51000000324848056430000000003000000                                                                  
51000000336436303020000000002500000                                                                  
51000000336043054810000000003000000                                                                  
51000000336013894100000000003000000                                                                  
51000000333701309200000000003000000                                                                  
51000000326976938880000000003000000                                                                  
51000000116918667310000000002500000                                                                  
51000000116918938900000000002500000                                                                  
51000000116919113450000000010000000                                                                  
51000000324350957420000000002000000                                                                  
51000000313332340990000000002500000                                                                  
51000000316422720880000000002500000                                                                  
51000000116918961430000000003000000                                                                  
51000000116918309970000000002500000                                                                  
51000000309593924820000000003000000                                                                  
51000000116918922850000000002500000                                                                  
51000000116919269300000000003000000                                                                  
51000000315971571770000000002000000                                                                  
51000000116918785660000000002500000                                                                  
51000000343737779000000000003000000                                                                  
51000000116918905500000000003000000                                                                  
51000000308543833510000000002500000                                                                  
51000000116918408370000000003000000                                                                  
51000000318112361510000000003000000                                                                  
51000000334344565910000000002000000                                                                  
51000000303332641890000000010000000                                                                  
51000000336370462660000000002000000                                                                  
51000000336347240980000000002000000                                                                  
51000000336347241010000000002000000                                                                  
51000000335151245530000000002000000                                                                  
51000000323307815470000000002000000                                                                  
51000000201680627950000000003000000                                                                  
51000000201680631750000000003000000                                                                  
51000000304110578990000000002500000                                                                  
51000000201587795860000000003000000                                                                  
51000000327012944780000000003000000                                                                  
51000000306852381240000000003000000                                                                  
51000000347242249600000000003000000                                                                  
51000000115839382020000000003000000                                                                  
51000000115839444090000000003000000                                                                  
51000000325678311150000000003000000                                                                  
51000000336819443810000000002500000                                                                  
51000000201602130520000000003000000                                                                  
51000000348002817940000000002000000                                                                  
51000000202068638950000000003000000                                                                  
51000000201602177500000000003000000                                                                  
51000000202068640160000000003000000                                                                  
51000000202068640830000000003000000                                                                  
51000000201833855480000000003000000                                                                  
51000000115024191800000000003000000                                                                  
51000000111091748150000000003000000                                                                  
51000000327649436190000000002500000                                                                  
51000000326682298190000000003000000                                                                  
51000000326124311070000000002500000                                                                  
51000000111091638140000000002000000                                                                  
51000000310949393360000000002500000                                                                  
51000000325903007060000000002500000                                                                  
51000000335807427070000000002500000                                                                  
51000000327879683980000000002500000                                                                  
51000000319219131630000000003000000                                                                  
51000000328479558920000000003000000                                                                  
51000000333604232610000000002500000                                                                  
51000000303128127780000000002000000                                                                  
51000000201990929720000000002500000                                                                  
51000000324270709530000000002000000                                                                  
51000000310971627420000000002500000                                                                  
51000000335445825200000000002500000                                                                  
51000000325667405910000000003000000                                                                  
51000000116466980770000000002500000                                                                  
51000000304315973430000000002500000                                                                  
51000000116466995920000000002500000                                                                  
51000000116467276440000000003000000                                                                  
51000000334901076420000000003000000                                                                  
51000000308590920490000000003000000                                                                  
51000000308749609940000000003000000                                                                  
51000000334222455410000000003000000                                                                  
