51000000116155811120000000005233200                                                                  
51000000318612498760000000005126300                                                                  
51000000116155841680000000005083500                                                                  
51000000116145613450000000003968500                                                                  
51000000306617574090000000003073700                                                                  
51000000306631154040000000005481400                                                                  
51000000325761631990000000000000000                                                                  
51000000323580079880000000003857700                                                                  
51000000324260659670000000005185100                                                                  
51000000113567203640000000002576000                                                                  
51000000324356859920000000004446900                                                                  
51000000324313302260000000002070700                                                                  
51000000324997378110000000009094400                                                                  
51000000308145688280000000003229000                                                                  
51000000324618458990000000006518200                                                                  
51000000308928070040000000006670300                                                                  
51000000116358346930000000002286100                                                                  
51000000324620241220000000001849500                                                                  
51000000325049758420000000002770600                                                                  
51000000327947918620000000006237400                                                                  
51000000316254862950000000006115300                                                                  
51000000302698398210000000000777100                                                                  
51000000323016277050000000003819500                                                                  
51000000105408339530000000002324000                                                                  
51000000105408154360000000003124500                                                                  
51000000323052237420000000003960800                                                                  
51000000301716037820000000001918300                                                                  
51000000324750588610000000003514200                                                                  
51000000113074249090000000001978100                                                                  
51000000326719299950000000001212900                                                                  
51000000306766714110000000003541400                                                                  
51000000348494739680000000001797900                                                                  
51000000311248341070000000000546000                                                                  
51000000202430792470000000000075000                                                                  
51000000105408780210000000000075000                                                                  
51000000115954432380000000001997600                                                                  
51000003014142405-10000000000443500                                                                  
51000000113567300100000000001051900                                                                  
51000000113567501400000000001110300                                                                  
51000000116156059740000000002066200                                                                  
51000000105766048430000000000451400                                                                  
51000000301971403360000000001619300                                                                  
51000000112691468400000000000735500                                                                  
51000000113263789250000000000443500                                                                  
51000000116203649940000000000735500                                                                  
51000000116146249760000000001521100                                                                  
510000000003.02E+100000000000840300                                                                  
51000000301972439440000000002021800                                                                  
51000000116203180180000000002074400                                                                  
51000000105766110450000000001818700                                                                  
51000000106539558280000000001268300                                                                  
51000000301716037820000000000641900                                                                  
51000000111525330790000000001342000                                                                  
51000000116203116800000000001446200                                                                  
51000000309128303970000000000735500                                                                  
51000000113567461900000000000762800                                                                  
51000000315017682790000000000735500                                                                  
51000000309432572810000000001919600                                                                  
51000000307976980260000000001245200                                                                  
51000000306845396190000000000706500                                                                  
51000000116842197160000000001351500                                                                  
51000000302698398320000000001932500                                                                  
51000000320586273790000000001764400                                                                  
51000000309947979290000000001512000                                                                  
51000000319546772160000000001425800                                                                  
51000000330150205730000000001120300                                                                  
51000000338337236430000000001308800                                                                  
