01000000345927973470000000000133800                                                                  
01000000345927805820000000000163700                                                                  
01000000345927985890000000000205100                                                                  
01000000345928061820000000000183200                                                                  
01000000345928146820000000000133800                                                                  
01000000345928125510000000000159000                                                                  
01000000345971451590000000000137700                                                                  
01000000345928105190000000000133800                                                                  
01000000345927993880000000000150100                                                                  
01000000345928022680000000000150100                                                                  
01000000345928073130000000000163700                                                                  
01000000345928176380000000000216900                                                                  
01000000345928095140000000000133800                                                                  
01000000345927913670000000000133800                                                                  
01000000345928003950000000000150100                                                                  
01000000345927934110000000000216900                                                                  
01000000345971458850000000000137700                                                                  
01000000345928012860000000000145900                                                                  
01000000345927957360000000000150100                                                                  
01000000345927900890000000000150100                                                                  
01000000345927891210000000000133800                                                                  
01000000345928083170000000000133800                                                                  
01000000345928115910000000000133800                                                                  
01000000345928047860000000000163700                                                                  
01000000345927790100000000000163700                                                                  
01000000345928033960000000000133800                                                                  
01000000345928186210000000000150100                                                                  
51000000349919597820000000004162000                                                                  
