01000000116394877460000000012500000                                                                  
01000000116228844470000000007000000                                                                  
01000000113618941650000000005000000                                                                  
01000000111523213720000000010000000                                                                  
01000000113987486760000000004300000                                                                  
01000000113987380220000000018500000                                                                  
01000000113987432580000000001000000                                                                  
01000000113840505430000000005000000                                                                  
01000000304632443130000000007500000                                                                  
01000000111523239030000000007600000                                                                  
01000000110285757610000000009000000                                                                  
01000000116394852170000000009500000                                                                  
01000000116394598100000000006000000                                                                  
01000000305571501860000000002700000                                                                  
01000000301757714360000000002700000                                                                  
01000000310995100960000000001000000                                                                  
01000000301756054470000000003900000                                                                  
01000000113178652510000000012100000                                                                  
01000000113178340840000000010000000                                                                  
01000000112138868460000000003000000                                                                  
01000000112139204920000000020000000                                                                  
01000000112138699330000000002100000                                                                  
01000000112139639460000000015000000                                                                  
01000000116229524080000000047200000                                                                  
01000000111523239250000000010800000                                                                  
01000000109674420830000000010000000                                                                  
01000000113618364640000000029700000                                                                  
01000000113841043310000000012700000                                                                  
01000000109254281810000000009700000                                                                  
01000000113841259200000000006000000                                                                  
01000000302345725590000000013200000                                                                  
01000000113619117380000000006400000                                                                  
01000000113987195090000000015400000                                                                  
01000000328099494860000000001000000                                                                  
01000000113987946110000000005100000                                                                  
01000000109674101410000000005000000                                                                  
01000000113995796250000000006000000                                                                  
01000000110286414540000000005000000                                                                  
01000000113841211310000000006000000                                                                  
01000000111523188250000000005000000                                                                  
01000000305819250770000000003300000                                                                  
01000000113988020340000000004200000                                                                  
01000000109252821840000000005900000                                                                  
01000000113987676760000000001500000                                                                  
01000000109674350970000000004000000                                                                  
01000000113480667370000000004600000                                                                  
01000000116395117250000000006000000                                                                  
01000000304367594920000000005000000                                                                  
01000000116367801010000000009500000                                                                  
01000000116367375420000000006400000                                                                  
01000000113840236320000000015000000                                                                  
01000000116367369670000000003300000                                                                  
01000000116229463250000000015000000                                                                  
01000000116228825530000000007500000                                                                  
01000000113178592360000000010000000                                                                  
01000000303966499930000000010000000                                                                  
01000000302231607630000000003600000                                                                  
01000000112139660170000000006000000                                                                  
51000000338814547410000000490400000                                                                  
