51000000730769428380000000010000000                                                                  
51000000730751057650000000003000000                                                                  
51000000730739549600000000002500000                                                                  
51000000730400640770000000003000000                                                                  
51000000730794471160000000003000000                                                                  
51000000730303397160000000002500000                                                                  
51000000730747571880000000002500000                                                                  
51000000731006487510000000003000000                                                                  
51000000011161016040000000003000000                                                                  
51000000730784360910000000002500000                                                                  
51000000730772445490000000002500000                                                                  
51000000730782756000000000002500000                                                                  
51000000010022855660000000002500000                                                                  
51000000730785285290000000002500000                                                                  
51000000730768785320000000002500000                                                                  
51000000730770377450000000002500000                                                                  
51000000730784671110000000002500000                                                                  
51000000730784668320000000002500000                                                                  
51000000730784668870000000002500000                                                                  
51000000730749748830000000003000000                                                                  
51000000010084543580000000003000000                                                                  
51000000010084243780000000003000000                                                                  
51000000010084243120000000003000000                                                                  
51000000730748481460000000003000000                                                                  
51000000730759976400000000003000000                                                                  
51000000730281826670000000003000000                                                                  
51000000010084599910000000003000000                                                                  
51000000730782107660000000002500000                                                                  
51000000730220552930000000002500000                                                                  
51000000730697142430000000005000000                                                                  
51000000730750087940000000003000000                                                                  
51000000730383603220000000003000000                                                                  
51000000730612238090000000003000000                                                                  
51000000730743968330000000002500000                                                                  
51000000730771994460000000002500000                                                                  
51000000730728405130000000005000000                                                                  
51000000730714940060000000003000000                                                                  
51000000730426342090000000003000000                                                                  
51000000730728006700000000003000000                                                                  
51000000730417095390000000002500000                                                                  
51000000730763726830000000002500000                                                                  
51000000730574097190000000003000000                                                                  
51000000730598566310000000003000000                                                                  
51000000730732100240000000003000000                                                                  
51000000730226446750000000003000000                                                                  
51000000730745796780000000003000000                                                                  
51000000730960116000000000003000000                                                                  
51000000730613869000000000003000000                                                                  
51000000730618814620000000003000000                                                                  
51000000730613325790000000003000000                                                                  
51000000730736405570000000003000000                                                                  
51000000730374887190000000003000000                                                                  
51000000730681068690000000003000000                                                                  
51000000010062776060000000003000000                                                                  
51000000730748777880000000003000000                                                                  
51000000730747744320000000002500000                                                                  
51000000730747692170000000003000000                                                                  
51000000730749758540000000002500000                                                                  
51000000730609203330000000003000000                                                                  
51000000731006872130000000003000000                                                                  
51000000730766777540000000003000000                                                                  
51000000730778374030000000003000000                                                                  
51000000730787397540000000003000000                                                                  
51000000730778372430000000003000000                                                                  
51000000730778374920000000005000000                                                                  
51000000730787397650000000002500000                                                                  
51000000730787397760000000003000000                                                                  
51000000730779056230000000003000000                                                                  
51000000730779055990000000003000000                                                                  
51000000730787397870000000003000000                                                                  
51000000730782327800000000003000000                                                                  
51000000730669853420000000003000000                                                                  
51000000730778208290000000003000000                                                                  
51000000730490180010000000005000000                                                                  
51000000730769317890000000003000000                                                                  
51000000731001747210000000003000000                                                                  
51000000010090280440000000003000000                                                                  
51000000731002270400000000003000000                                                                  
51000000730778181520000000003000000                                                                  
51000000730518785630000000003000000                                                                  
51000000730270502440000000003000000                                                                  
51000000730506583660000000003000000                                                                  
51000000730613820980000000003000000                                                                  
51000000730780910540000000002500000                                                                  
51000000730734619080000000002500000                                                                  
51000000010034260070000000003000000                                                                  
51000000730649628700000000003000000                                                                  
51000000730700024350000000003000000                                                                  
51000000730744878800000000003000000                                                                  
51000000730744878790000000003000000                                                                  
51000000730784830420000000003000000                                                                  
51000000336901355720000000002500000                                                                  
51000000329087088010000000003000000                                                                  
51000000336806386460000000002500000                                                                  
51000000347709160680000000003000000                                                                  
51000000336932650880000000002500000                                                                  
51000000336828397160000000002500000                                                                  
51000000347678288260000000003000000                                                                  
51000000336435568030000000003000000                                                                  
51000000306803791240000000003000000                                                                  
51000000308392380290000000003000000                                                                  
51000000327405854220000000002000000                                                                  
51000000306793138040000000002500000                                                                  
51000000315391418690000000002500000                                                                  
51000000326720100740000000002500000                                                                  
51000000303627977580000000005000000                                                                  
51000000302496971960000000002500000                                                                  
51000000316405487200000000010000000                                                                  
51000000325283638870000000003000000                                                                  
51000000311841733250000000002500000                                                                  
51000000306970341030000000002000000                                                                  
51000000307539765500000000002500000                                                                  
51000000335008024900000000002500000                                                                  
51000000321198241660000000003000000                                                                  
51000000313547582780000000003000000                                                                  
51000000308632280340000000003000000                                                                  
51000000304712616330000000003000000                                                                  
51000000334371864500000000003000000                                                                  
51000000322925144140000000003000000                                                                  
51000000304799311130000000003000000                                                                  
51000000315342280090000000003000000                                                                  
51000000334096424310000000005750000                                                                  
51000000313796805180000000003000000                                                                  
51000000332826990560000000003000000                                                                  
51000000335157310560000000003000000                                                                  
51000000116229356290000000003000000                                                                  
51000000311584103480000000003000000                                                                  
51000000332922552910000000003000000                                                                  
51000000336701794220000000003000000                                                                  
51000000323143159180000000003000000                                                                  
51000000306977753020000000003000000                                                                  
51000000330628815610000000003000000                                                                  
51000000116229682810000000003000000                                                                  
51000000330741443630000000003000000                                                                  
51000000316984048380000000003000000                                                                  
51000000116229462780000000003000000                                                                  
51000000333296391550000000003000000                                                                  
51000000332354381470000000003000000                                                                  
51000000330628825320000000003000000                                                                  
51000000201802651320000000003000000                                                                  
51000000319791917620000000003000000                                                                  
51000000328253451240000000003000000                                                                  
51000000200587146010000000003000000                                                                  
51000000200865660780000000005000000                                                                  
51000000314870098710000000005000000                                                                  
51000000324590518970000000002500000                                                                  
51000000323412365220000000003000000                                                                  
51000000327221319350000000002500000                                                                  
51000000325455439160000000003000000                                                                  
51000000324003184540000000003000000                                                                  
51000000323307142300000000005000000                                                                  
51000000116394250970000000003000000                                                                  
51000000116395055300000000010000000                                                                  
51000000306792355410000000003000000                                                                  
51000000329288289660000000003000000                                                                  
51000000328336610580000000003000000                                                                  
51000000330469243450000000003000000                                                                  
51000000334602416410000000003000000                                                                  
51000000304984657050000000010000000                                                                  
51000000302198735440000000003000000                                                                  
51000000328763428600000000003000000                                                                  
51000000319853297500000000003000000                                                                  
51000000347533402660000000003000000                                                                  
51000000347533405510000000003000000                                                                  
51000000347533407430000000002500000                                                                  
51000000338102883450000000003000000                                                                  
51000000117121825820000000003000000                                                                  
51000000113480888090000000003000000                                                                  
51000000321126617740000000003000000                                                                  
51000000308766798310000000003000000                                                                  
51000000337222676310000000003000000                                                                  
51000000337223738080000000003000000                                                                  
51000000305583394330000000002500000                                                                  
51000000326949484130000000002000000                                                                  
51000000338613852810000000002500000                                                                  
51000000347821856460000000002000000                                                                  
51000000032348733420000000003000000                                                                  
51000000334330809000000000003000000                                                                  
51000000335435665860000000002000000                                                                  
