01000000105766454060000000005500000                                                                  
01000000105766109820000000004900000                                                                  
01000000106539563990000000012500000                                                                  
01000000111218153690000000012000000                                                                  
01000000111217777720000000003500000                                                                  
01000000113289315730000000022000000                                                                  
01000000113289324200000000012000000                                                                  
01000000116156013230000000013800000                                                                  
01000000116842288450000000014000000                                                                  
01000000113567342860000000015000000                                                                  
01000000105766237200000000004000000                                                                  
01000000113567208070000000007500000                                                                  
01000000113567877490000000002900000                                                                  
51000000338814547410000000129600000                                                                  
