01000000314689797850000000006000000                                                                  
01000000349868450810000000001500000                                                                  
01000000109674227700000000001500000                                                                  
01000000106156199510000000008000000                                                                  
01000000108264273380000000002000000                                                                  
01000000104862916600000000001500000                                                                  
01000000326306884240000000003000000                                                                  
01000000202594741590000000003000000                                                                  
01000000323004769910000000001500000                                                                  
01000000308271203270000000003000000                                                                  
01000000109397546610000000001250000                                                                  
01000000303542445110000000001500000                                                                  
01000000349658692330000000001500000                                                                  
01000000201100325960000000001500000                                                                  
01000000307758105780000000001500000                                                                  
01000000102485182000000000001250000                                                                  
01000000301444408080000000001500000                                                                  
01000000102717714570000000007000000                                                                  
01000000334626007020000000000750000                                                                  
01000000200712976910000000000750000                                                                  
01000000324867757500000000000625000                                                                  
01000000116201047200000000001500000                                                                  
01000000201173683940000000001250000                                                                  
01000000202038799660000000001250000                                                                  
01000000325369946640000000000625000                                                                  
01000000104756986010000000001500000                                                                  
01000000317639397240000000000750000                                                                  
01000000103648025640000000001500000                                                                  
01000000103648025640000000001250000                                                                  
01000000108401240270000000002000000                                                                  
01000000202646516890000000000625000                                                                  
01000000102717714570000000004000000                                                                  
51000000000000000380000000066375000                                                                  
