01000000348695490180000000005000000                                                                  
01000000304941979420000000010000000                                                                  
01000000349246589130000000005000000                                                                  
01000000349246592240000000005000000                                                                  
01000000349139201120000000005000000                                                                  
01000000348948423900000000003000000                                                                  
01000000348948346270000000003750000                                                                  
01000000202210390060000000002500000                                                                  
01000000202210390170000000002500000                                                                  
01000000348808424310000000002500000                                                                  
01000000116793523700000000005000000                                                                  
51000000338814547410000000049250000                                                                  
