51000000347634158800000000003000000                                                                  
51000000347634173990000000003000000                                                                  
51000000112472759390000000008700000                                                                  
51000000112472759390000000008700000                                                                  
51000000112472759390000000008700000                                                                  
51000000112472759390000000008700000                                                                  
51000000112472759390000000008700000                                                                  
51000000112472759390000000008700000                                                                  
51000000112472759390000000008700000                                                                  
51000000112472759390000000008700000                                                                  
51000000112472759390000000008700000                                                                  
51000000112472759390000000008700000                                                                  
51000000112472759390000000008700000                                                                  
51000000112472759390000000008700000                                                                  
51000000112472759390000000008700000                                                                  
51000000112472759390000000008700000                                                                  
51000000112472759390000000008700000                                                                  
51000000112472759390000000008700000                                                                  
51000000112472759390000000008700000                                                                  
51000000112472759390000000008700000                                                                  
51000000112472759390000000008700000                                                                  
51000000112472759390000000008700000                                                                  
51000000112472759390000000008700000                                                                  
51000000112472759390000000008700000                                                                  
51000000112472759390000000008700000                                                                  
51000000112472759390000000008700000                                                                  
51000000112472759390000000008700000                                                                  
51000000112472759390000000008700000                                                                  
51000000112472759390000000008700000                                                                  
51000000112472759390000000008700000                                                                  
51000000112472759390000000008700000                                                                  
51000000112472759390000000008700000                                                                  
51000000112472759390000000008700000                                                                  
51000000112472759390000000008700000                                                                  
51000000112472759390000000008700000                                                                  
51000000112472759390000000008700000                                                                  
51000000112472759390000000008700000                                                                  
51000000112472759390000000008700000                                                                  
51000000112472759390000000008700000                                                                  
51000000112472759390000000008700000                                                                  
51000000112472759390000000008700000                                                                  
51000000348497359040000000004800000                                                                  
51000000348496627740000000006000000                                                                  
51000000341422388930000000006000000                                                                  
51000000202471052090000000004800000                                                                  
51000000344323637110000000006000000                                                                  
51000000115685411920000000002400000                                                                  
51000000306056416610000000004800000                                                                  
51000000202471051740000000006000000                                                                  
51000000115685421290000000006000000                                                                  
51000000329118863600000000003000000                                                                  
