01000000346870676970000000010000000                                                                  
01000000339401831040000000005000000                                                                  
01000000348578307840000000005000000                                                                  
01000000348578344400000000005000000                                                                  
01000000348578300810000000005000000                                                                  
01000000348578303760000000005000000                                                                  
01000000315150549390000000005000000                                                                  
01000000309150588130000000010000000                                                                  
01000000308835402090000000010000000                                                                  
01000000315868509150000000005000000                                                                  
51999999999999999990000000065000000                                                                  
