01000000314629658820000000006448500                                                                  
01000000314797869730000000004378300                                                                  
01000000306039953840000000004627900                                                                  
01000000321504364240000000001026400                                                                  
01000000306605226700000000002223800                                                                  
01000000305647668870000000002387600                                                                  
01000000305648062760000000002317100                                                                  
01000000305326444480000000002387100                                                                  
01000000314379222250000000000684100                                                                  
01000000305648650280000000003257900                                                                  
01000000200131930330000000005925000                                                                  
01000000315054479880000000001861200                                                                  
01000000314820238910000000002973000                                                                  
01000000315125675810000000001478800                                                                  
01000000305433711900000000003952300                                                                  
01000000306054278070000000002378800                                                                  
01000000314749583490000000002171600                                                                  
01000000314662175610000000002093600                                                                  
01000000312124287530000000001831100                                                                  
01000000300597210340000000002001300                                                                  
01000000101451562000000000000698600                                                                  
01000000305484405150000000000287700                                                                  
01000000336735861290000000002805400                                                                  
01000000305392332030000000000185000                                                                  
01000000309651342740000000001611700                                                                  
01000000302696771650000000000719300                                                                  
01000000109128446160000000004228000                                                                  
01000000305392173170000000005912900                                                                  
01000000305471364920000000002337100                                                                  
01000000305392164260000000001683500                                                                  
01000000114959733820000000005274100                                                                  
01000000305387478990000000002837200                                                                  
01000000314660723950000000002931400                                                                  
01000000306101152450000000000244900                                                                  
01000000304668112120000000003607200                                                                  
01000000305521024000000000002520900                                                                  
01000000305360200370000000000713000                                                                  
01000000306625456080000000002429400                                                                  
01000000305444271780000000002823700                                                                  
01000000112047136340000000002647800                                                                  
01000000305432939260000000006807200                                                                  
01000000305442364900000000002706800                                                                  
01000000305392308030000000000441000                                                                  
01000000305412250950000000002539700                                                                  
01000000305120662520000000000618000                                                                  
01000000305669630330000000003221700                                                                  
01000000305615661770000000002565200                                                                  
01000000305656059540000000003763700                                                                  
01000000305466689620000000003303300                                                                  
01000000305553869420000000003359800                                                                  
01000000305453239500000000000274700                                                                  
01000000305500550390000000000302500                                                                  
01000000115433276190000000002823300                                                                  
01000000305500698240000000000491200                                                                  
01000000304589935830000000001499500                                                                  
01000000305391141620000000004766100                                                                  
01000000113402202450000000000249000                                                                  
01000000305370599270000000000336900                                                                  
01000000305410980860000000000641000                                                                  
01000000305388141650000000003924000                                                                  
01000000305441612730000000002430700                                                                  
01000000306053811780000000000272100                                                                  
01000000306132661900000000000365900                                                                  
01000000305434779580000000000434700                                                                  
01000000115042787020000000000529900                                                                  
01000000305639570450000000000751700                                                                  
01000000305724021830000000002443200                                                                  
01000000321712374480000000001699000                                                                  
01000000306517893070000000000255900                                                                  
01000000305454074560000000000676900                                                                  
01000000305626554550000000001800000                                                                  
01000000305606600340000000004730200                                                                  
01000000305949613160000000004493000                                                                  
01000000305655587970000000002636900                                                                  
01000000306863988680000000000284500                                                                  
01000000314758974850000000002445500                                                                  
01000000305432935300000000006931100                                                                  
01000000109193824600000000001077100                                                                  
01000000109193844780000000001095300                                                                  
01000000305529256940000000001938700                                                                  
01000000307709444600000000002563300                                                                  
01000000305473052700000000000941700                                                                  
01000000307874051680000000005090600                                                                  
01000000305452678690000000000372800                                                                  
01000000305479334080000000004466100                                                                  
01000000305409869560000000003109400                                                                  
01000000315546020400000000002227400                                                                  
01000000306732873810000000001659500                                                                  
01000000305487003360000000002775600                                                                  
01000000302250126220000000003180100                                                                  
01000000113133739650000000002932800                                                                  
01000000306413862970000000000534400                                                                  
01000000305433293080000000003927300                                                                  
01000000305392201580000000003619600                                                                  
01000000314441340750000000001661500                                                                  
01000000305480925980000000004523800                                                                  
01000000314598490540000000002012100                                                                  
01000000305786127290000000002263800                                                                  
01000000305145567770000000002001000                                                                  
01000000305438792830000000000218100                                                                  
01000000332473720320000000000231400                                                                  
01000000305457334900000000002242700                                                                  
01000000306714376130000000003641900                                                                  
01000000318021898800000000002605100                                                                  
01000000115449057820000000000698800                                                                  
01000000113886220870000000000702400                                                                  
51000000338814547410000000245034300                                                                  
