01000000109249613700000000005760000                                                                  
01000000306358030610000000005760000                                                                  
01000000348631932920000000002880000                                                                  
01000000107966172730000000002880000                                                                  
01000000107965808180000000005760000                                                                  
01000000201710606890000000005760000                                                                  
01000000107965490730000000005760000                                                                  
01000000304704401240000000005120000                                                                  
01000000300722051380000000005760000                                                                  
01000000312300886310000000005120000                                                                  
01000000107965490950000000005120000                                                                  
01000000201638790520000000002880000                                                                  
01000000202122547630000000007040000                                                                  
01000000107965636650000000007040000                                                                  
01000000312378707920000000007040000                                                                  
01000000110851207590000000007040000                                                                  
01000000305181339510000000007040000                                                                  
01000000341821253380000000007040000                                                                  
01000000114560285060000000007040000                                                                  
01000000308438088340000000007040000                                                                  
01000000110851131630000000005120000                                                                  
01000000202120927090000000002880000                                                                  
01000000312089684320000000002560000                                                                  
01000000306850556500000000007040000                                                                  
51000000338814547410000000132480000                                                                  
