01000000105766473010000000014000000                                                                  
01000000113708510610000000006800000                                                                  
01000000111218435010000000015000000                                                                  
01000000116358571120000000010000000                                                                  
01000000116203747200000000010000000                                                                  
01000000116203747420000000010000000                                                                  
01000000111218201740000000007500000                                                                  
01000000302991794580000000010000000                                                                  
01000000111218160990000000012300000                                                                  
01000000113568069450000000012000000                                                                  
01000000113289216770000000005000000                                                                  
01000000113074511490000000012100000                                                                  
01000000308212974940000000012000000                                                                  
01000000106539379880000000015000000                                                                  
01000000113288541220000000011000000                                                                  
01000000200282515020000000004000000                                                                  
01000000111217176990000000010000000                                                                  
01000000105766002250000000020000000                                                                  
01000000113263778630000000012500000                                                                  
01000000116842439090000000014000000                                                                  
01000000113074525740000000014500000                                                                  
01000000116358562870000000004400000                                                                  
01000000113567842050000000010000000                                                                  
01000000116156253230000000010000000                                                                  
01000000113568167380000000012000000                                                                  
01000000311909725010000000012000000                                                                  
01000000105408567000000000005000000                                                                  
01000000302379884290000000003600000                                                                  
01000000116156140930000000011700000                                                                  
01000000116156117400000000012400000                                                                  
01000000113708341360000000015000000                                                                  
51000000349779223970000000333800000                                                                  
