51000000308148622960000000040593000                                                                  
51000000329291505020000000005783000                                                                  
51000000325618473590000000012041000                                                                  
51000000321105917490000000006598000                                                                  
51000000329914338020000000142328000                                                                  
51000000328223002860000000007786000                                                                  
510000005.52131E+130000000006142000                                                                  
51000000326286446840000000008249000                                                                  
51000000325992081030000000010650000                                                                  
51000000329771838250000000014337000                                                                  
51000000308981613820000000006790000                                                                  
51000000317901340450000000013777000                                                                  
51000000318794941690000000005887000                                                                  
51000000317651030300000000005456000                                                                  
51000000315799245030000000006160000                                                                  
51000000318850877560000000004630000                                                                  
51000000318717254580000000007971000                                                                  
51000000315648519150000000013410000                                                                  
51000000322742377350000000012486000                                                                  
51000000310144152390000000011332000                                                                  
51000000321444433840000000005928000                                                                  
51000000319886962410000000006121000                                                                  
51000000314549599460000000006223000                                                                  
51000000312529625390000000020408000                                                                  
