51000000116201155960000000004000000                                                                  
51000000113296660130000000007700000                                                                  
51000000113296666810000000013000000                                                                  
51000000300381541480000000014500000                                                                  
51000000113074474510000000012100000                                                                  
51000000113708234310000000015000000                                                                  
51000000105766240980000000012400000                                                                  
51000000303028106240000000004100000                                                                  
51000000300466231010000000003000000                                                                  
51000000113568072240000000007000000                                                                  
51000000311495989080000000005600000                                                                  
51000000106539568650000000015000000                                                                  
51000000111218066470000000010000000                                                                  
51000000111218184400000000014500000                                                                  
51000000113708260340000000006000000                                                                  
51000000116201282650000000004500000                                                                  
51000000111217347380000000005000000                                                                  
51000000113296673790000000005100000                                                                  
51000000113567897790000000010000000                                                                  
51000000116202852960000000010000000                                                                  
51000000300856434170000000020900000                                                                  
