01000000310209605790000000006747300                                                                  
01000000202589848530000000003806900                                                                  
01000000107965687440000000007311700                                                                  
01000000107965734700000000005292900                                                                  
01000000105748038280000000009437300                                                                  
01000000115054436860000000018738100                                                                  
01000000200674976290000000005519800                                                                  
01000000201733399330000000004279600                                                                  
01000000106162373920000000004430200                                                                  
01000000300228202650000000002760100                                                                  
01000000109249745500000000003455500                                                                  
01000000106162509920000000001852500                                                                  
51000000338814547410000000073631900                                                                  
