51000000116146510580000000005000000                                                                  
51000000116156326460000000003400000                                                                  
51000000113074518080000000007700000                                                                  
51000000113708254840000000004800000                                                                  
51000000116203462380000000004000000                                                                  
51000000113074492320000000005000000                                                                  
51000000116203392530000000005400000                                                                  
51000000116146366180000000005000000                                                                  
51000000308058590230000000002300000                                                                  
51000000116842267120000000004000000                                                                  
51000000116203355220000000004000000                                                                  
51000000113074483190000000003300000                                                                  
51000000311491640280000000004100000                                                                  
51000000116156355460000000004200000                                                                  
51000000304355983100000000006000000                                                                  
51000000113074541510000000004700000                                                                  
51000000325453782140000000007000000                                                                  
51000000111218527860000000004700000                                                                  
51000000116358464400000000005000000                                                                  
51000000116146208800000000008300000                                                                  
51000000113289195230000000013500000                                                                  
51000000111218380910000000015000000                                                                  
51000000116156450000000000010000000                                                                  
51000000116146381620000000009400000                                                                  
51000000116842261000000000005000000                                                                  
51000000116842309220000000007000000                                                                  
51000000113708424880000000008400000                                                                  
51000000116156055880000000005000000                                                                  
51000000116202952370000000005000000                                                                  
51000000113296650100000000013000000                                                                  
51000000116146319490000000012000000                                                                  
51000000113296581610000000015000000                                                                  
51000000113289178430000000010000000                                                                  
51000000106539402090000000015000000                                                                  
51000000113288422200000000010000000                                                                  
51000000106539560930000000008200000                                                                  
51000000113289189160000000014500000                                                                  
51000000113296697280000000009900000                                                                  
51000000303339646450000000008000000                                                                  
51000000105766286940000000008000000                                                                  
51000000113707759620000000003000000                                                                  
51000000311046836140000000004200000                                                                  
51000000105766340280000000011000000                                                                  
51000000116202942000000000007500000                                                                  
