51000000335675312160000000003000000                                                                  
51000000337001723010000000003000000                                                                  
51000000347407396930000000003000000                                                                  
51000000337001678120000000003000000                                                                  
51000000336640937460000000003000000                                                                  
51000000336729888180000000003000000                                                                  
51000000336640948530000000003000000                                                                  
51000000336640958020000000003000000                                                                  
51000000336615459930000000003000000                                                                  
51000000336729861060000000003000000                                                                  
51000000336796340440000000003000000                                                                  
51000000347441255240000000003000000                                                                  
51000000336641060100000000003000000                                                                  
51000000336641042730000000003000000                                                                  
51000000337001692850000000003000000                                                                  
51000000336615479340000000003000000                                                                  
51000000336053968420000000003000000                                                                  
51000000337003512110000000003000000                                                                  
51000000336615470040000000003000000                                                                  
51000000337001705520000000003000000                                                                  
51000000337002187350000000003000000                                                                  
51000000336640979120000000003000000                                                                  
51000000336615500610000000003000000                                                                  
51000000033665449880000000003000000                                                                  
51000000337003496650000000003000000                                                                  
51000000337031446330000000007500000                                                                  
51000000339459477690000000002500000                                                                  
51000000339495197510000000003000000                                                                  
51000000339361304100000000003000000                                                                  
51000000339495190700000000002500000                                                                  
51000000339361334490000000003000000                                                                  
51000000338973388620000000005000000                                                                  
51000000324166015610000000005000000                                                                  
51000000336639544480000000003000000                                                                  
51000000316825790450000000003000000                                                                  
51000000334145595900000000003000000                                                                  
51000000318554891560000000001000000                                                                  
51000000334153844470000000005000000                                                                  
51000000337132798070000000003000000                                                                  
51000000337390571810000000003000000                                                                  
51000000336991633180000000003000000                                                                  
51000000317694713070000000003750000                                                                  
51000000323064248350000000003500000                                                                  
51000000334263621130000000002500000                                                                  
51000000335748949420000000002500000                                                                  
51000000322618843470000000002500000                                                                  
51000000323384025080000000002500000                                                                  
51000000334481800680000000002500000                                                                  
51000000339309881340000000002500000                                                                  
51000000335427653230000000003000000                                                                  
51000000335722948900000000003000000                                                                  
51000000115597142690000000005000000                                                                  
51000000337084882840000000003000000                                                                  
51000000336997444840000000003000000                                                                  
51000000318134040910000000005000000                                                                  
51000000338593417900000000005000000                                                                  
51000000308954857860000000005000000                                                                  
51000000336129629810000000002000000                                                                  
51000000114751394410000000002500000                                                                  
51000000114751556120000000003000000                                                                  
51000000114751445980000000002500000                                                                  
51000000114751520870000000002500000                                                                  
51000000314068157970000000002500000                                                                  
51000000331399436700000000003000000                                                                  
51000000327574978210000000002500000                                                                  
51000000337362822790000000003500000                                                                  
51000000335678046610000000003000000                                                                  
51000000336455486530000000003000000                                                                  
51000000334371984220000000003000000                                                                  
51000000337167838800000000003000000                                                                  
51000000336457214140000000003000000                                                                  
51000000336455494420000000003000000                                                                  
51000000337136305190000000003000000                                                                  
51000000304880344290000000003000000                                                                  
51000000336632467860000000002500000                                                                  
51000000307731434130000000005000000                                                                  
51000000330741146550000000003000000                                                                  
51000000332468026470000000005000000                                                                  
51000000112509353340000000003000000                                                                  
51000000112509553280000000003000000                                                                  
51000000330892720140000000003000000                                                                  
51000000335582497420000000005000000                                                                  
51000000321641193090000000005000000                                                                  
51000000335802505890000000003000000                                                                  
51000000337056252470000000003000000                                                                  
51000000335718406150000000005000000                                                                  
51000000334658335640000000004000000                                                                  
51000000335838648250000000005000000                                                                  
51000000336073074300000000004000000                                                                  
51000000335613556430000000004000000                                                                  
51000000200931929980000000003000000                                                                  
51000000302043939940000000003000000                                                                  
51000000330956650960000000003000000                                                                  
51000000334834742830000000005000000                                                                  
51000000315478231600000000005000000                                                                  
51000000335683538750000000003000000                                                                  
51000000331651353890000000003000000                                                                  
51000000200931924660000000003000000                                                                  
51000000112509695890000000002500000                                                                  
51000000335736672060000000003000000                                                                  
51000000330852643580000000003000000                                                                  
51000000110905947880000000010000000                                                                  
51000000335645269790000000003000000                                                                  
51000000302112806090000000004000000                                                                  
51000000330892635650000000003000000                                                                  
51000000330654101340000000003000000                                                                  
51000000337233557320000000005000000                                                                  
51000000335827524080000000005000000                                                                  
51000000335774742210000000003000000                                                                  
51000000337233569390000000010000000                                                                  
51000000112509468670000000003000000                                                                  
51000000330240109720000000003000000                                                                  
51000000335800824540000000003000000                                                                  
51000000326684908720000000003000000                                                                  
51000000327702168560000000005000000                                                                  
51000000314034034240000000005000000                                                                  
51000000032035286720000000003000000                                                                  
51000000330665632690000000003500000                                                                  
51000000327936559120000000003000000                                                                  
51000000112509373860000000003000000                                                                  
51000000310142854130000000005000000                                                                  
51000000201756782830000000005000000                                                                  
51000000307976837340000000002500000                                                                  
51000000307758698740000000002500000                                                                  
51000000115092986000000000002500000                                                                  
51000000332700418950000000002500000                                                                  
51000000330676460660000000002500000                                                                  
51000000305144631450000000005000000                                                                  
51000000326412171340000000003000000                                                                  
51000000329467945790000000005000000                                                                  
51000000330109101950000000003000000                                                                  
51000000329539051570000000003000000                                                                  
51000000327722722970000000003000000                                                                  
51000000329722799650000000003000000                                                                  
51000000340606409690000000003000000                                                                  
51000000340656398570000000003000000                                                                  
51000000324954725520000000003000000                                                                  
51000000114974018230000000003000000                                                                  
51000000325979576750000000003000000                                                                  
51000000325169408490000000003000000                                                                  
51000000309079168720000000003000000                                                                  
51000000306710835590000000003000000                                                                  
51000000335062473500000000003000000                                                                  
51000000327117667190000000005000000                                                                  
51000000114973838350000000003000000                                                                  
51000000313165064630000000003000000                                                                  
51000000326566974730000000003000000                                                                  
51000000310671666390000000002500000                                                                  
51000000341337224120000000005000000                                                                  
51000000327130595830000000005000000                                                                  
51000000316347605520000000005000000                                                                  
51000000201995946100000000010000000                                                                  
51000000115375422050000000003000000                                                                  
51000000347391933080000000003000000                                                                  
51000000306778554540000000003000000                                                                  
51000000312755042210000000003000000                                                                  
51000000115375317680000000003000000                                                                  
51000000314098369840000000005000000                                                                  
51000000314198469810000000003750000                                                                  
51000000329805303970000000003750000                                                                  
51000000318415769740000000003750000                                                                  
51000000312348817080000000005000000                                                                  
51000000202175759290000000003000000                                                                  
51000000338164065350000000003000000                                                                  
51000000336965964580000000008750000                                                                  
51000000336989678970000000005000000                                                                  
51000000336886911710000000002000000                                                                  
51000000336886379850000000002500000                                                                  
51000000337082256210000000003000000                                                                  
51000000337173514740000000003000000                                                                  
51000000336730116040000000003000000                                                                  
51000000336646352610000000003000000                                                                  
51000000337143528780000000003000000                                                                  
51000000337111440990000000003000000                                                                  
51000000337174542540000000003000000                                                                  
51000000337142493620000000003000000                                                                  
51000000337085978590000000003000000                                                                  
51000000336553973260000000003000000                                                                  
51000000869325069050000000003000000                                                                  
51000000201915637920000000003000000                                                                  
51000000336959014860000000005000000                                                                  
51000000320134373690000000005000000                                                                  
51000000338602478420000000002500000                                                                  
51000000348264229770000000003000000                                                                  
51000000348189303770000000003000000                                                                  
51000000347865663760000000003000000                                                                  
51000000347886438390000000003000000                                                                  
51000000348052314760000000003000000                                                                  
51000000337273606780000000003000000                                                                  
51000000325465403680000000005000000                                                                  
51000000202176643330000000003000000                                                                  
51000000338699567130000000003000000                                                                  
51000000338699527750000000003000000                                                                  
51000000338699103260000000003000000                                                                  
51000000338699370190000000003000000                                                                  
51000000338699227060000000003000000                                                                  
51000000338699166340000000003000000                                                                  
51000000338699316630000000003000000                                                                  
51000000338699388630000000003000000                                                                  
51000000338699253000000000003000000                                                                  
51000000338699447420000000003000000                                                                  
51000000338699196790000000003000000                                                                  
51000000338699481020000000003000000                                                                  
51000000338699344380000000005000000                                                                  
51000000338699062390000000003000000                                                                  
51000000338699284700000000003000000                                                                  
51000000338699416610000000003000000                                                                  
51000000338699590220000000003000000                                                                  
51000000318416140380000000002500000                                                                  
51000000329038694780000000002000000                                                                  
51000000316588386250000000003000000                                                                  
51000000115283369390000000003000000                                                                  
51000000336079891600000000005000000                                                                  
51000000304950975270000000002000000                                                                  
51000000336078056170000000010000000                                                                  
51000000115282889630000000002500000                                                                  
51000000320473192100000000002500000                                                                  
51000000335308906300000000003000000                                                                  
51000000330602067340000000003000000                                                                  
51000000329255121380000000002500000                                                                  
51000000328756439260000000002500000                                                                  
51000000336994545910000000002500000                                                                  
51000000337095118250000000003000000                                                                  
51000000337095117340000000003000000                                                                  
51000000337095116870000000003000000                                                                  
51000000335214874740000000003000000                                                                  
51000000308437620250000000003500000                                                                  
51000000309290985110000000003750000                                                                  
51000000336648143310000000003500000                                                                  
51000000335511843710000000003500000                                                                  
51000000320070953190000000003500000                                                                  
51000000307984052900000000003750000                                                                  
51000000114527136960000000003750000                                                                  
51000000336859690490000000003750000                                                                  
51000000336648161780000000003500000                                                                  
51000000330021998820000000003500000                                                                  
51000000309051881290000000003500000                                                                  
51000000114527295940000000003500000                                                                  
51000000336639423080000000003500000                                                                  
51000000114527447050000000003500000                                                                  
51000000308884770410000000003500000                                                                  
51000000307667306790000000010000000                                                                  
51000000316989612090000000003500000                                                                  
51000000320372146170000000003750000                                                                  
51000000326461196290000000003750000                                                                  
51000000318606984690000000003500000                                                                  
51000000335242631090000000003750000                                                                  
51000000337035938710000000003500000                                                                  
51000000114526981340000000003750000                                                                  
51000000115545234730000000003000000                                                                  
51000000313729352690000000003000000                                                                  
51000000313962739190000000003000000                                                                  
51000000318597889020000000003000000                                                                  
51000000336065676040000000003000000                                                                  
51000000116134029650000000003500000                                                                  
51000000335870288310000000003500000                                                                  
51000000116133994510000000003500000                                                                  
51000000116133754410000000003000000                                                                  
51000000334152863150000000003500000                                                                  
51000000335984936790000000003500000                                                                  
51000000116133607510000000003500000                                                                  
51000000332622042850000000003500000                                                                  
51000000335834445280000000003500000                                                                  
51000000316306488630000000002000000                                                                  
51000000338622625640000000010000000                                                                  
51000000201430864310000000002500000                                                                  
51000000336725200330000000003000000                                                                  
51000000336725210370000000002500000                                                                  
51000000336725236790000000002500000                                                                  
51000000347818690250000000005000000                                                                  
51000000338735706640000000003500000                                                                  
51000000338738648260000000003000000                                                                  
51000000338716121120000000003000000                                                                  
51000000336632813240000000003500000                                                                  
51000000201328947690000000003000000                                                                  
51000000321520878990000000003000000                                                                  
51000000201381595780000000003000000                                                                  
51000000201889122860000000003000000                                                                  
51000000201595879400000000003000000                                                                  
51000000202683358070000000003000000                                                                  
51000000201328866120000000003000000                                                                  
51000000201741739740000000003000000                                                                  
51000000330384029640000000003000000                                                                  
51000000335590371010000000001000000                                                                  
51000000335417372830000000002500000                                                                  
51000000335592440950000000003000000                                                                  
51000000327013923790000000003000000                                                                  
51000000337144486960000000003000000                                                                  
51000000329680742150000000003000000                                                                  
51000000337063305570000000003000000                                                                  
51000000317644233250000000003000000                                                                  
51000000337059300000000000003000000                                                                  
51000000316294796910000000003000000                                                                  
51000000327198205340000000003000000                                                                  
51000000337063324640000000003000000                                                                  
51000000332768018310000000003000000                                                                  
51000000337204626110000000003000000                                                                  
51000000313985122770000000003000000                                                                  
51000000305459252630000000003000000                                                                  
51000000337062654850000000003000000                                                                  
51000000309909191690000000005000000                                                                  
51000000116184195220000000005000000                                                                  
51000000327334815690000000003000000                                                                  
51000000113279674980000000003000000                                                                  
51000000330415438310000000003000000                                                                  
