01000000327786735430000000007000000                                                                  
01000000304695534480000000001536200                                                                  
01000000030456763350000000000191000                                                                  
01000000303135204440000000001442500                                                                  
01000000111522904660000000002729800                                                                  
01000000201241359380000000000300000                                                                  
01000000323468682840000000000033400                                                                  
01000000310680549460000000000352000                                                                  
01000000335675601450000000024290000                                                                  
01000000111523115020000000000361000                                                                  
01000000116394968410000000000035000                                                                  
01000000305682054980000000000108000                                                                  
01000000111524169020000000000144000                                                                  
01000000302409049060000000000140000                                                                  
01000000113840657200000000000140000                                                                  
01000000304567633350000000000051000                                                                  
01000000113987528190000000000080000                                                                  
01000000304285288170000000000186800                                                                  
01000000304472457240000000000114000                                                                  
01000000111524835160000000000087600                                                                  
01000000306145448380000000000099000                                                                  
01000000304945619350000000000540000                                                                  
01000000326470337490000000000540000                                                                  
01000000305798282830000000000540000                                                                  
01000000113987208190000000000078000                                                                  
01000000306578815340000000000168400                                                                  
01000000328635769050000000000061500                                                                  
51000000349898836020000000041349200                                                                  
