51000000115160683940000000006000000                                                                  
51000000115160683940000000009000000                                                                  
51000000115160683940000000006000000                                                                  
51000000115160683940000000010000000                                                                  
51000000115160683940000000010000000                                                                  
51000000115160683940000000006000000                                                                  
51000000115160683940000000006000000                                                                  
51000000115160683940000000006000000                                                                  
51000000115160683940000000002400000                                                                  
51000000115160683940000000010000000                                                                  
51000000115160683940000000010000000                                                                  
51000000115160683940000000006000000                                                                  
51000000115160683940000000006000000                                                                  
51000000115160683940000000010000000                                                                  
51000000115160683940000000010000000                                                                  
51000000115160683940000000006000000                                                                  
51000000115160683940000000006000000                                                                  
51000000115160683940000000002400000                                                                  
51000000115160683940000000006000000                                                                  
51000000115160683940000000010000000                                                                  
51000000115160683940000000010000000                                                                  
51000000115160683940000000010000000                                                                  
51000000115160683940000000002400000                                                                  
51000000115160683940000000006000000                                                                  
51000000115160683940000000010000000                                                                  
51000000115160683940000000002400000                                                                  
51000000115160683940000000002400000                                                                  
51000000115160683940000000006000000                                                                  
51000000115160683940000000010000000                                                                  
51000000115160683940000000010000000                                                                  
51000000115160683940000000003000000                                                                  
51000000115160683940000000010000000                                                                  
