01000000730794362500000000003000000                                                                  
01000000730794361700000000003000000                                                                  
01000000730785329210000000007500000                                                                  
01000000730785328410000000005000000                                                                  
01000000730785329650000000005000000                                                                  
01000000731028903360000000003000000                                                                  
01000000730767044280000000003750000                                                                  
01000000730788409470000000003000000                                                                  
01000000730788417700000000005000000                                                                  
01000000336284805250000000003000000                                                                  
01000000315553995790000000003000000                                                                  
01000000343901531740000000003000000                                                                  
01000000337341593480000000003000000                                                                  
01000000345426926830000000003000000                                                                  
01000000336192354720000000005000000                                                                  
01000000338399587940000000003000000                                                                  
01000000311875436800000000003000000                                                                  
01000000115460880200000000003000000                                                                  
01000000115460379710000000003000000                                                                  
01000000115460669680000000003000000                                                                  
01000000311971405330000000003000000                                                                  
01000000333455467360000000005000000                                                                  
01000000337056222130000000003000000                                                                  
01000000200931932540000000003000000                                                                  
01000000336436059440000000003000000                                                                  
01000000337191646960000000003000000                                                                  
01000000320539498120000000003000000                                                                  
01000000337194406800000000003000000                                                                  
01000000335592796620000000003000000                                                                  
01000000302339246830000000003000000                                                                  
01000000316432963600000000003000000                                                                  
01000000334113702440000000003000000                                                                  
01000000318351172050000000003000000                                                                  
01000000303330168720000000003000000                                                                  
01000000337319946100000000003000000                                                                  
01000000336994115680000000003000000                                                                  
01000000301867126150000000003000000                                                                  
01000000337191533230000000003000000                                                                  
01000000312305312340000000005000000                                                                  
01000000333394829170000000003000000                                                                  
01000000334029949440000000003000000                                                                  
01000000337193648440000000003000000                                                                  
01000000336829123690000000003000000                                                                  
01000000337218203400000000003000000                                                                  
01000000337195437210000000005000000                                                                  
01000000311642181590000000003000000                                                                  
01000000306957505160000000003000000                                                                  
01000000112509679120000000003000000                                                                  
01000000201215000860000000003000000                                                                  
01000000347608196570000000003000000                                                                  
01000000331287713950000000003000000                                                                  
01000000115631839670000000003000000                                                                  
01000000115631932830000000003500000                                                                  
01000000115631850130000000003000000                                                                  
01000000312337454160000000003000000                                                                  
01000000333975953190000000003000000                                                                  
01000000329377607430000000003000000                                                                  
01000000318615065730000000002500000                                                                  
01000000115631948220000000002500000                                                                  
01000000115631869910000000003000000                                                                  
01000000337079959200000000003000000                                                                  
01000000334336466950000000002500000                                                                  
01000000340479518570000000003000000                                                                  
01000000316762963060000000003000000                                                                  
01000000339833090380000000005000000                                                                  
01000000115912584660000000003000000                                                                  
01000000347856803190000000003000000                                                                  
01000000327274478650000000003000000                                                                  
01000000347741273880000000002500000                                                                  
01000000305177480930000000002500000                                                                  
01000000310561733430000000003000000                                                                  
01000000325965899840000000002500000                                                                  
01000000347779585250000000002500000                                                                  
01000000347738860070000000003000000                                                                  
01000000347741304360000000003000000                                                                  
01000000324400526310000000003000000                                                                  
01000000329679944610000000002500000                                                                  
01000000331143616680000000003000000                                                                  
01000000336897882310000000003000000                                                                  
01000000324073760000000000002500000                                                                  
01000000200999661390000000003000000                                                                  
01000000336399941730000000002000000                                                                  
01000000325979005710000000002000000                                                                  
01000000321470746600000000002500000                                                                  
01000000323499720200000000002500000                                                                  
01000000322116071670000000002500000                                                                  
01000000336763536670000000002500000                                                                  
01000000330575522580000000003000000                                                                  
01000000201915618200000000003000000                                                                  
01000000337033014940000000007500000                                                                  
01000000348979749010000000003000000                                                                  
01000000348979661400000000003000000                                                                  
01000000337024213480000000003000000                                                                  
01000000310477706560000000003000000                                                                  
01000000336637155350000000003000000                                                                  
01000000336272239210000000003000000                                                                  
01000000336105816900000000005000000                                                                  
01000000348085506920000000003000000                                                                  
01000000322213532430000000002500000                                                                  
01000000321394800940000000003000000                                                                  
01000000322044679430000000003000000                                                                  
01000000320152106300000000003000000                                                                  
01000000201693661070000000003000000                                                                  
01000000314777612910000000003000000                                                                  
01000000315271906720000000003000000                                                                  
01000000318164237920000000003000000                                                                  
01000000304558731230000000003000000                                                                  
01000000337249909210000000002500000                                                                  
01000000336961197470000000003000000                                                                  
01000000328952173150000000003000000                                                                  
01000000339304513720000000003000000                                                                  
01000000336695138600000000003000000                                                                  
01000000318872394600000000003000000                                                                  
01000000337018429360000000003000000                                                                  
01000000348315652820000000003000000                                                                  
01000000348316322730000000003000000                                                                  
01000000201906729730000000003000000                                                                  
01000000310732719860000000003000000                                                                  
01000000335059164810000000002500000                                                                  
01000000334463571320000000003000000                                                                  
01000000335265489880000000002500000                                                                  
01000000320778679100000000003000000                                                                  
01000000307884236290000000003000000                                                                  
01000000325996029600000000003000000                                                                  
01000000319925341690000000003000000                                                                  
01000000319118889330000000003000000                                                                  
01000000314146578750000000003000000                                                                  
01000000336177953010000000003000000                                                                  
01000000326305644300000000003000000                                                                  
01000000326408616900000000003000000                                                                  
01000000314060068420000000003000000                                                                  
01000000110698517800000000005000000                                                                  
01000000328347830080000000003000000                                                                  
01000000345283892770000000005000000                                                                  
01000000335151992900000000003000000                                                                  
01000000307773193720000000004000000                                                                  
01000000335151978830000000003000000                                                                  
01000000336925320890000000003000000                                                                  
01000000336925298600000000004000000                                                                  
01000000335152070760000000003000000                                                                  
01000000336925315180000000004000000                                                                  
01000000335191609830000000003000000                                                                  
01000000336925306600000000003000000                                                                  
01000000336799436530000000005000000                                                                  
01000000348262801350000000005000000                                                                  
01000000346575695910000000003000000                                                                  
01000000329421868150000000005000000                                                                  
01000000336967796450000000005000000                                                                  
01000000348270318120000000005000000                                                                  
51999999999999999990000000481750000                                                                  
