51000000339412719650000000004200000                                                                  
51000000336686839140000000003600000                                                                  
51000000324270806110000000003600000                                                                  
51000000336636410380000000003600000                                                                  
51000000327878307550000000003600000                                                                  
51000000337019450890000000006000000                                                                  
51000000201958870440000000004800000                                                                  
51000000115273357110000000006000000                                                                  
51000000115273349660000000006000000                                                                  
51000000337393889080000000006000000                                                                  
51000000334696991690000000006000000                                                                  
51000000201148631310000000003600000                                                                  
51000000201889108560000000009000000                                                                  
51000000201889127410000000010000000                                                                  
51000000202056541800000000006000000                                                                  
51000000329118647540000000003600000                                                                  
