01000000113296647190000000003000000                                                                  
01000000113074193320000000007600000                                                                  
01000000113567370720000000004300000                                                                  
01000000116146522010000000006600000                                                                  
01000000113708154540000000005900000                                                                  
01000000116145962100000000013400000                                                                  
01000000113708372170000000005200000                                                                  
01000000113289175260000000007500000                                                                  
01000000315023027060000000012300000                                                                  
01000000113567477950000000014000000                                                                  
01000000113707743010000000019900000                                                                  
01000000113296489250000000013100000                                                                  
01000000113568096510000000014000000                                                                  
01000000113567898930000000014000000                                                                  
01000000113568293840000000003200000                                                                  
01000000113567895210000000013000000                                                                  
51999999999999999990000000157000000                                                                  
