01000000730985732930000000002400000                                                                  
01000000730912247380000000002400000                                                                  
01000000730912246580000000002400000                                                                  
01000000730963973100000000002400000                                                                  
01000000730989254970000000002400000                                                                  
01000000730986340770000000002400000                                                                  
01000000730912818770000000002400000                                                                  
01000000730271794390000000003600000                                                                  
01000000730298782540000000002400000                                                                  
01000000730617969720000000002400000                                                                  
01000000730983863840000000002400000                                                                  
01000000730467495780000000003600000                                                                  
01000000730963976260000000002400000                                                                  
01000000730986360630000000010000000                                                                  
01000000730986359230000000003600000                                                                  
01000000730983800640000000002400000                                                                  
01000000730963971940000000002400000                                                                  
01000000730912671930000000002400000                                                                  
01000000730983800530000000002400000                                                                  
01000000730995328130000000003600000                                                                  
01000000730946664010000000010000000                                                                  
01000000730994669390000000010000000                                                                  
01000000730995326640000000003600000                                                                  
01000000731012603380000000003600000                                                                  
01000000730978227430000000010000000                                                                  
01000000073092958570000000003600000                                                                  
01000000730665509990000000003600000                                                                  
01000000731025354060000000010000000                                                                  
01000000730561211550000000003600000                                                                  
01000000731011033630000000003000000                                                                  
01000000010184333810000000003600000                                                                  
01000000010184286000000000003600000                                                                  
01000000731033411700000000003600000                                                                  
01000000010184298300000000001200000                                                                  
01000000010184290350000000010000000                                                                  
01000000731030324900000000003600000                                                                  
01000000731042390300000000003600000                                                                  
01000000730284500260000000003600000                                                                  
01000000731042495050000000003600000                                                                  
01000000730284462700000000003000000                                                                  
01000000731038261320000000001800000                                                                  
01000000730819163890000000003600000                                                                  
01000000730922773600000000003600000                                                                  
01000000731016834560000000010000000                                                                  
01000000730896225290000000003600000                                                                  
01000000731020222900000000006000000                                                                  
01000000730081466100000000006000000                                                                  
01000000731041749990000000006000000                                                                  
01000000730568893210000000006000000                                                                  
01000000731041744230000000003000000                                                                  
01000000731042142870000000003000000                                                                  
01000000731038444920000000003000000                                                                  
01000000010008163060000000003000000                                                                  
01000000731040560670000000003000000                                                                  
01000000731038444030000000006000000                                                                  
01000000731038437480000000003000000                                                                  
01000000730597707850000000010000000                                                                  
01000000731039154870000000006000000                                                                  
01000000731010574620000000003000000                                                                  
01000000730984174170000000006000000                                                                  
01000000730985004390000000006000000                                                                  
01000000730986855120000000006000000                                                                  
01000000730990292400000000006000000                                                                  
01000000730984725920000000006000000                                                                  
01000000730993541240000000006000000                                                                  
01000000730990056710000000006000000                                                                  
01000000730990068450000000006000000                                                                  
01000000730990231800000000006000000                                                                  
01000000730985005860000000006000000                                                                  
01000000730990101930000000006000000                                                                  
01000000730986663830000000006000000                                                                  
01000000010222550500000000006000000                                                                  
01000000730983312980000000010000000                                                                  
01000000730984850130000000010000000                                                                  
01000000730984723980000000006000000                                                                  
01000000730850303530000000006000000                                                                  
01000000730984872470000000010000000                                                                  
01000000731008574030000000006000000                                                                  
01000000730986567270000000006000000                                                                  
01000000730990258140000000006000000                                                                  
01000000730985397730000000006000000                                                                  
01000000730984801610000000010000000                                                                  
01000000730984719280000000006000000                                                                  
01000000730986489440000000006000000                                                                  
01000000730984704470000000006000000                                                                  
01000000730989715450000000006000000                                                                  
01000000730745914600000000006000000                                                                  
01000000730986559280000000010000000                                                                  
01000000730985509020000000006000000                                                                  
01000000730927424100000000006000000                                                                  
01000000010222085100000000006000000                                                                  
01000000730983324850000000006000000                                                                  
01000000731004199800000000006000000                                                                  
01000000730990254620000000006000000                                                                  
01000000730901949500000000010000000                                                                  
01000000730985588330000000006000000                                                                  
01000000730990904640000000006000000                                                                  
01000000730986589180000000006000000                                                                  
01000000730989677980000000006000000                                                                  
01000000730986301960000000006000000                                                                  
01000000730999823970000000006000000                                                                  
01000000730986603810000000006000000                                                                  
01000000730986868870000000006000000                                                                  
01000000730990306300000000006000000                                                                  
01000000730991005430000000010000000                                                                  
01000000730990300730000000006000000                                                                  
01000000730986263390000000006000000                                                                  
01000000730989701540000000006000000                                                                  
01000000730986863330000000006000000                                                                  
01000000730864636930000000006000000                                                                  
01000000730957539610000000008400000                                                                  
01000000730990249670000000006000000                                                                  
01000000730833974400000000006000000                                                                  
01000000730985590080000000006000000                                                                  
01000000730926578630000000006000000                                                                  
01000000730468408080000000006000000                                                                  
01000000730984679120000000006000000                                                                  
01000000730923586580000000006000000                                                                  
01000000730991002580000000006000000                                                                  
01000000730797157330000000006000000                                                                  
01000000730985008580000000010000000                                                                  
01000000730985583010000000006000000                                                                  
01000000730990278660000000006000000                                                                  
01000000730983211110000000006000000                                                                  
01000000730752615220000000006000000                                                                  
01000000730921866420000000006000000                                                                  
01000000730989710340000000006000000                                                                  
01000000730986282680000000006000000                                                                  
01000000730984722850000000006000000                                                                  
01000000730985507190000000006000000                                                                  
01000000730986876980000000006000000                                                                  
01000000730922706030000000006000000                                                                  
01000000730984710870000000006000000                                                                  
01000000010222851210000000006000000                                                                  
01000000730985003040000000006000000                                                                  
01000000730985301800000000006000000                                                                  
01000000730984174390000000006000000                                                                  
01000000730644424110000000003600000                                                                  
01000000730643955710000000003600000                                                                  
01000000731040961800000000003600000                                                                  
01000000730643925030000000003600000                                                                  
01000000010222460230000000006000000                                                                  
01000000730986261130000000010000000                                                                  
01000000730986612490000000006000000                                                                  
01000000730990402860000000006000000                                                                  
01000000730567244150000000006000000                                                                  
01000000730965988340000000003990000                                                                  
01000000730785705030000000006000000                                                                  
01000000730592617570000000006000000                                                                  
01000000730785704670000000006000000                                                                  
01000000730785703650000000006000000                                                                  
01000000730594778790000000006000000                                                                  
01000000730785704120000000006000000                                                                  
01000000730939559930000000006000000                                                                  
01000000730967644390000000003600000                                                                  
01000000730955542850000000003600000                                                                  
01000000730885419010000000003600000                                                                  
01000000730892356190000000003600000                                                                  
01000000730998010830000000003600000                                                                  
01000000731010362030000000010000000                                                                  
01000000730986635190000000006000000                                                                  
01000000731040322950000000003600000                                                                  
01000000731007379680000000002400000                                                                  
01000000731007424920000000002400000                                                                  
01000000731038558010000000003000000                                                                  
01000000730846657380000000003000000                                                                  
01000000730869543310000000002400000                                                                  
01000000730744592390000000006000000                                                                  
01000000010050471180000000006000000                                                                  
01000000730943731850000000006000000                                                                  
01000000730925440090000000006000000                                                                  
01000000010010490730000000006000000                                                                  
01000000730939876410000000010000000                                                                  
01000000731040338000000000001800000                                                                  
01000000010010744290000000001800000                                                                  
01000000010010550540000000006000000                                                                  
01000000730782962230000000006000000                                                                  
01000000730252655820000000006000000                                                                  
01000000730691221770000000006000000                                                                  
01000000731037508740000000003600000                                                                  
01000000730730283720000000003600000                                                                  
01000000730703136550000000003600000                                                                  
01000000731037635330000000003600000                                                                  
01000000731037507610000000003600000                                                                  
01000000731037646380000000003600000                                                                  
01000000730730307320000000003600000                                                                  
01000000731037641060000000003600000                                                                  
01000000730702271430000000003600000                                                                  
01000000731037491220000000003600000                                                                  
01000000731036924360000000003600000                                                                  
01000000731037508290000000006000000                                                                  
01000000730645739740000000003600000                                                                  
01000000730730294550000000003600000                                                                  
01000000731001678500000000003600000                                                                  
01000000731036962250000000006000000                                                                  
01000000731037612180000000003600000                                                                  
01000000347375238060000000006000000                                                                  
01000000343716911060000000006000000                                                                  
01000000321175905020000000003600000                                                                  
01000000348696185290000000010000000                                                                  
01000000345335564140000000003000000                                                                  
01000000300607409400000000010000000                                                                  
01000000348875254260000000003000000                                                                  
01000000332299830090000000006000000                                                                  
51999999999999999990000001079190000                                                                  
