01000000731052081140000000005000000                                                                  
01000000317140139300000000003000000                                                                  
01000000328728864300000000003000000                                                                  
01000000324248287640000000004000000                                                                  
01000000312467757170000000003000000                                                                  
01000000349104144160000000005000000                                                                  
01000000349246317180000000005000000                                                                  
01000000338015698910000000005000000                                                                  
01000000338002736550000000005000000                                                                  
01000000338062012330000000005000000                                                                  
01000000337978703360000000005000000                                                                  
01000000348910984740000000005000000                                                                  
01000000348910962830000000005000000                                                                  
01000000308417318590000000003000000                                                                  
01000000316326989040000000003000000                                                                  
01000000336970344080000000003000000                                                                  
01000000326421648920000000003000000                                                                  
01000000115631984310000000003000000                                                                  
01000000327165146650000000003500000                                                                  
01000000333995647410000000003000000                                                                  
01000000333092237850000000003000000                                                                  
01000000305480348850000000003000000                                                                  
01000000200271757990000000003000000                                                                  
01000000323985406930000000002500000                                                                  
01000000115631987810000000003500000                                                                  
51000000338814547410000000094500000                                                                  
