51000000321629881900000000452430000                                                                  
51000000301510054790000000612262000                                                                  
51000000301821918650000000022371800                                                                  
51000000300367840700000001843578000                                                                  
51000000303175717230000000416539000                                                                  
51000000300747803430000000382725000                                                                  
51000000109494882450000001087659000                                                                  
51000000301821918650000000425250000                                                                  
51000000303175717230000000166522000                                                                  
51000000300747803430000000142650000                                                                  
51000000318981789010000000041154000                                                                  
51000000322034362450000000039941000                                                                  
51000000301044909140000000354633000                                                                  
51000000323118409280000000017024700                                                                  
51000000302377655930000000001048000                                                                  
51000000310584626280000000039462000                                                                  
51000000109494882900000001106968000                                                                  
51000000317306417270000000382112000                                                                  
51000000301044909140000000101778000                                                                  
51000000300367840700000000030523000                                                                  
51000000301044909140000000482517000                                                                  
51000000300367840700000001943292000                                                                  
51000000301013646310000000748560000                                                                  
51000000301510054790000000610866000                                                                  
51000000301047331200000000469359000                                                                  
51000000301044909140000000409021000                                                                  
51000000318981789010000000070877000                                                                  
51000000308058670010000000062395000                                                                  
51000000307872239720000000004160000                                                                  
51000000301193421760000000866134000                                                                  
51000000109494883580000001498428000                                                                  
51000000109494882900000000569390000                                                                  
51000000303672828030000000328659000                                                                  
51000000303175717230000000182395000                                                                  
51000000109494881870000013940300000                                                                  
51000000301821918650000000425250000                                                                  
51000000109494883360000000822686000                                                                  
51000000109494883360000000478199000                                                                  
51000000301044909140000000409021000                                                                  
51000000300747803430000000255150000                                                                  
51000000109494881870000002454415000                                                                  
51000000109494881870000004000285000                                                                  
51000000313010696750000000071518000                                                                  
51000000313010696750000000182885000                                                                  
51000000327782678820000000005699000                                                                  
51000000319020972030000000033667000                                                                  
51000000319020972030000000031314000                                                                  
51000000337394054930000000003273000                                                                  
51000000308846060900000000001091400                                                                  
51000000334986454480000005763640100                                                                  
51000000108896592630000000188963900                                                                  
51000000109494881210000000728208000                                                                  
51000000109494881210000002865245000                                                                  
51000000321544603630000000016546000                                                                  
51000000319889065550000000003733000                                                                  
51000000319889065550000000005652000                                                                  
51000000315992304190000000042276000                                                                  
51000000113101151350000000842279000                                                                  
51000000324724137300000000213169000                                                                  
51000000109494881870000009832542000                                                                  
51000000325868879160000000067140000                                                                  
