01000000113296504560000000005900000                                                                  
01000000113289050540000000008000000                                                                  
01000000113708420790000000010000000                                                                  
01000000113288784270000000004000000                                                                  
01000000111217754920000000003000000                                                                  
01000000113707661070000000011500000                                                                  
01000000113708261250000000008000000                                                                  
01000000116156097410000000010000000                                                                  
01000000113568173350000000011000000                                                                  
01000000301000095410000000003100000                                                                  
01000000113289196790000000004800000                                                                  
01000000113568078140000000012600000                                                                  
01000000111217773190000000003000000                                                                  
01000000105766464760000000006000000                                                                  
01000000116203761370000000010000000                                                                  
01000000113707973520000000012800000                                                                  
01000000116842396520000000006800000                                                                  
01000000116156404870000000016600000                                                                  
01000000113708422170000000005100000                                                                  
01000000116358471600000000003300000                                                                  
01000000106539401410000000005000000                                                                  
01000000116203402030000000004400000                                                                  
01000000116358614350000000005000000                                                                  
01000000116156363560000000002500000                                                                  
01000000113568163190000000004400000                                                                  
51999999999999999990000000176800000                                                                  
