                                        Account Statement-04/2015
DDO:PD Administrator(04010313002)                      Head of Account:ZILLA_GRANDALAYA(8448001200003000000NVN)
                                    Opening Balance:44161155.00
S.No        Date            Chq/Trans              Credit            Debit          Balance
-----------------------------------------------------------------------------------------------------------
1           02/04/2015      0000000387               0.00       2544410.00      41616745.00  
2           02/04/2015      0000000001             414.00             0.00      41617159.00  
3           02/04/2015      0000000388               0.00       1458910.00      40158249.00  
4           02/04/2015      0000000389               0.00         16164.00      40142085.00  
5           02/04/2015      0000000052           71426.00             0.00      40213511.00  
6           02/04/2015      0000000045             130.00             0.00      40213641.00  
7           02/04/2015      0000000016             135.00             0.00      40213776.00  
8           02/04/2015      0000000023            5299.00             0.00      40219075.00  
9           02/04/2015      0000000053             105.00             0.00      40219180.00  
10          02/04/2015      0000000082             295.00             0.00      40219475.00  
11          02/04/2015      0000000141          122672.00             0.00      40342147.00  
12          02/04/2015      0000000030            5053.00             0.00      40347200.00  
13          02/04/2015      0000000123            2285.00             0.00      40349485.00  
14          02/04/2015      0000000124            6758.00             0.00      40356243.00  
15          02/04/2015      0000000029            2883.00             0.00      40359126.00  
16          02/04/2015      0000000026            1845.00             0.00      40360971.00  
17          02/04/2015      0000000019             120.00             0.00      40361091.00  
18          02/04/2015      0000000105         1127700.00             0.00      41488791.00  
19          02/04/2015      0000000043             200.00             0.00      41488991.00  
20          02/04/2015      0000000044             590.00             0.00      41489581.00  
21          02/04/2015      0000000049           28509.00             0.00      41518090.00  
22          02/04/2015      0000000052            5569.00             0.00      41523659.00  
23          02/04/2015      0000000020          120116.00             0.00      41643775.00  
24          02/04/2015      0000000014              71.00             0.00      41643846.00  
25          02/04/2015      0000000017           10601.00             0.00      41654447.00  
26          02/04/2015      0000000385               0.00          6192.00      41648255.00  
27          04/04/2015      0000000047             620.00             0.00      41648875.00  
28          04/04/2015      0000000029             240.00             0.00      41649115.00  
29          04/04/2015      0000000107            3728.00             0.00      41652843.00  
30          04/04/2015      0000000152            4768.00             0.00      41657611.00  
31          04/04/2015      0000000219            9536.00             0.00      41667147.00  
32          04/04/2015      0000000141           23932.00             0.00      41691079.00  
33          04/04/2015      0000000074            5388.00             0.00      41696467.00  
34          04/04/2015      0000000147           27071.00             0.00      41723538.00  
35          04/04/2015      0000000555               0.00         15880.00      41707658.00  
36          04/04/2015      0000000116            1884.00             0.00      41709542.00  
37          04/04/2015      0000000052            2727.00             0.00      41712269.00  
38          06/04/2015      0000000145            1191.00             0.00      41713460.00  
39          06/04/2015      0000000193           28013.00             0.00      41741473.00  
40          06/04/2015      0000000310            3146.00             0.00      41744619.00  
41          06/04/2015      0000000261           41365.00             0.00      41785984.00  
42          06/04/2015      0000000303           13705.00             0.00      41799689.00  
43          06/04/2015      0000000124           20593.00             0.00      41820282.00  
44          06/04/2015      0000000144            7350.00             0.00      41827632.00  
45          06/04/2015      0000000559           11001.00             0.00      41838633.00  
46          06/04/2015      0000000558           13654.00             0.00      41852287.00  
47          06/04/2015      0000000184            4765.00             0.00      41857052.00  
48          06/04/2015      0000000113            5405.00             0.00      41862457.00  
49          06/04/2015      0000000076             440.00             0.00      41862897.00  
50          07/04/2015      0000000154           17115.00             0.00      41880012.00  
51          07/04/2015      0000000052             195.00             0.00      41880207.00  
52          07/04/2015      0000000783           10509.00             0.00      41890716.00  
53          07/04/2015      0000000788            9232.00             0.00      41899948.00  
54          07/04/2015      0000000315           24918.00             0.00      41924866.00  
55          07/04/2015      0000000327            9275.00             0.00      41934141.00  
56          07/04/2015      0000000176            3008.00             0.00      41937149.00  
57          07/04/2015      0000000201           10557.00             0.00      41947706.00  
58          07/04/2015      0000000379           34239.00             0.00      41981945.00  
59          07/04/2015      0000000173              51.00             0.00      41981996.00  
60          07/04/2015      0000000203           20692.00             0.00      42002688.00  
61          08/04/2015      0000000242            6010.00             0.00      42008698.00  
62          08/04/2015      0000000900           20433.00             0.00      42029131.00  
63          08/04/2015      0000000232             130.00             0.00      42029261.00  
64          08/04/2015      0000000237             116.00             0.00      42029377.00  
65          08/04/2015      0000000294             202.00             0.00      42029579.00  
66          08/04/2015      0000000504           24728.00             0.00      42054307.00  
67          08/04/2015      0000000257            3913.00             0.00      42058220.00  
68          08/04/2015      0000000313              44.00             0.00      42058264.00  
69          09/04/2015      0000000277             576.00             0.00      42058840.00  
70          09/04/2015      0000001069              60.00             0.00      42058900.00  
71          09/04/2015      0000000604            3021.00             0.00      42061921.00  
72          09/04/2015      0000000025             219.00             0.00      42062140.00  
73          09/04/2015      0000000797               0.00          9000.00      42053140.00  
74          09/04/2015      0000000798               0.00        198118.00      41855022.00  
75          09/04/2015      0000000084             350.00             0.00      41855372.00  
76          09/04/2015      0000000647            6463.00             0.00      41861835.00  
77          09/04/2015      0000000343            8782.00             0.00      41870617.00  
78          09/04/2015      0000000280            4853.00             0.00      41875470.00  
79          10/04/2015      0000000684           30949.00             0.00      41906419.00  
80          10/04/2015      0000000745            6053.00             0.00      41912472.00  
81          10/04/2015      0000000746           12459.00             0.00      41924931.00  
82          10/04/2015      0000000330            5166.00             0.00      41930097.00  
83          10/04/2015      0000000800            5323.00             0.00      41935420.00  
84          10/04/2015      0000001136            3629.00             0.00      41939049.00  
85          10/04/2015      0000000422             392.00             0.00      41939441.00  
86          10/04/2015      0000000421             115.00             0.00      41939556.00  
87          13/04/2015      0000000503            5045.00             0.00      41944601.00  
88          13/04/2015      0000001368            5794.00             0.00      41950395.00  
89          13/04/2015      0000000373           12445.00             0.00      41962840.00  
90          13/04/2015      0000000506             417.00             0.00      41963257.00  
91          13/04/2015      0000000028            1676.00             0.00      41964933.00  
92          13/04/2015      0000000823            8828.00             0.00      41973761.00  
93          13/04/2015      0000000886            5362.00             0.00      41979123.00  
94          13/04/2015      0000000887            4920.00             0.00      41984043.00  
95          13/04/2015      0000000824           50162.00             0.00      42034205.00  
96          13/04/2015      0000000891               0.00         29019.00      42005186.00  
97          13/04/2015      0000000822           13434.00             0.00      42018620.00  
98          13/04/2015      0000000415             463.00             0.00      42019083.00  
99          13/04/2015      0000000943           11375.00             0.00      42030458.00  
100         13/04/2015      0000000306           16386.00             0.00      42046844.00  
101         13/04/2015      0000001477            2780.00             0.00      42049624.00  
102         13/04/2015      0000001471             500.00             0.00      42050124.00  
103         13/04/2015      0000001569            2413.00             0.00      42052537.00  
104         15/04/2015      0000000581             227.00             0.00      42052764.00  
105         15/04/2015      0000001470         2059375.00             0.00      44112139.00  
106         15/04/2015      0000001891           24088.00             0.00      44136227.00  
107         15/04/2015      0000000555            4375.00             0.00      44140602.00  
108         15/04/2015      0000000409           10501.00             0.00      44151103.00  
109         15/04/2015      0000000979           24139.00             0.00      44175242.00  
110         15/04/2015      0000001194            6082.00             0.00      44181324.00  
111         15/04/2015      0000000927               0.00         12000.00      44169324.00  
112         15/04/2015      0000000459             309.00             0.00      44169633.00  
113         15/04/2015      0000000489            1200.00             0.00      44170833.00  
114         16/04/2015      0000001395           12193.00             0.00      44183026.00  
115         16/04/2015      0000000664              37.00             0.00      44183063.00  
116         16/04/2015      0000000541             957.00             0.00      44184020.00  
117         16/04/2015      0000000660           11541.00             0.00      44195561.00  
118         16/04/2015      0000001199             437.00             0.00      44195998.00  
119         16/04/2015      0000001188            7335.00             0.00      44203333.00  
120         16/04/2015      0000000984            7502.00             0.00      44210835.00  
121         16/04/2015      0000000361           15116.00             0.00      44225951.00  
122         16/04/2015      0000000474            7213.00             0.00      44233164.00  
123         16/04/2015      0000000542            1174.00             0.00      44234338.00  
124         16/04/2015      0000002015           19077.00             0.00      44253415.00  
125         17/04/2015      0000000429             564.00             0.00      44253979.00  
126         17/04/2015      0000001165            3121.00             0.00      44257100.00  
127         17/04/2015      0000000172            7612.00             0.00      44264712.00  
128         17/04/2015      0000000711             640.00             0.00      44265352.00  
129         17/04/2015      0000000712              65.00             0.00      44265417.00  
130         17/04/2015      0000000705           13077.00             0.00      44278494.00  
131         17/04/2015      0000002275           16673.00             0.00      44295167.00  
132         17/04/2015      0000001485           75598.00             0.00      44370765.00  
133         17/04/2015      0000001483            3935.00             0.00      44374700.00  
134         17/04/2015      0000001484            2971.00             0.00      44377671.00  
135         17/04/2015      0000001445             415.00             0.00      44378086.00  
136         17/04/2015      0000000770            6731.00             0.00      44384817.00  
137         17/04/2015      0000000603            1262.00             0.00      44386079.00  
138         17/04/2015      0000000706            6717.00             0.00      44392796.00  
139         17/04/2015      0000000406            1798.00             0.00      44394594.00  
140         17/04/2015      0000000587            3986.00             0.00      44398580.00  
141         17/04/2015      0000000401           14991.00             0.00      44413571.00  
142         17/04/2015      0000001597            1548.00             0.00      44415119.00  
143         17/04/2015      0000001572           10028.00             0.00      44425147.00  
144         17/04/2015      0000000512            7318.00             0.00      44432465.00  
145         18/04/2015      0000000829            3849.00             0.00      44436314.00  
146         18/04/2015      0000001296           53809.00             0.00      44490123.00  
147         18/04/2015      0000001559             860.00             0.00      44490983.00  
148         18/04/2015      0000001733            2509.00             0.00      44493492.00  
149         18/04/2015      0000000577            5187.00             0.00      44498679.00  
150         20/04/2015      0000000698              24.00             0.00      44498703.00  
151         20/04/2015      0000000699             161.00             0.00      44498864.00  
152         20/04/2015      0000002486            9571.00             0.00      44508435.00  
153         20/04/2015      0000000661            4141.00             0.00      44512576.00  
154         20/04/2015      0000001772             443.00             0.00      44513019.00  
155         20/04/2015      0000001708            7249.00             0.00      44520268.00  
156         20/04/2015      0000000530            9336.00             0.00      44529604.00  
157         20/04/2015      0000002072            3148.00             0.00      44532752.00  
158         20/04/2015      0000000498           10782.00             0.00      44543534.00  
159         21/04/2015      0000001661           54332.00             0.00      44597866.00  
160         21/04/2015      0000001660           20000.00             0.00      44617866.00  
161         21/04/2015      0000001025           30574.00             0.00      44648440.00  
162         21/04/2015      0000000992           32103.00             0.00      44680543.00  
163         21/04/2015      0000000800             570.00             0.00      44681113.00  
164         21/04/2015      0000000801             533.00             0.00      44681646.00  
165         21/04/2015      0000002309            7246.00             0.00      44688892.00  
166         21/04/2015      0000000714            4172.00             0.00      44693064.00  
167         21/04/2015      0000002879            9872.00             0.00      44702936.00  
168         21/04/2015      0000001934             448.00             0.00      44703384.00  
169         21/04/2015      0000001684            4834.00             0.00      44708218.00  
170         22/04/2015      0000003096           10922.00             0.00      44719140.00  
171         22/04/2015      0000000765            3247.00             0.00      44722387.00  
172         22/04/2015      0000000314            1383.00             0.00      44723770.00  
173         22/04/2015      0000002443            3356.00             0.00      44727126.00  
174         22/04/2015      0000001732           89408.00             0.00      44816534.00  
175         22/04/2015      0000003164           14404.00             0.00      44830938.00  
176         22/04/2015      0000003239           10190.00             0.00      44841128.00  
177         22/04/2015      0000000847             469.00             0.00      44841597.00  
178         23/04/2015      0000000879              49.00             0.00      44841646.00  
179         23/04/2015      0000002585            2191.00             0.00      44843837.00  
180         23/04/2015      0000001818           21639.00             0.00      44865476.00  
181         23/04/2015      0000000753            7843.00             0.00      44873319.00  
182         23/04/2015      0000000814           10588.00             0.00      44883907.00  
183         23/04/2015      0000002151             209.00             0.00      44884116.00  
184         23/04/2015      0000000844            2809.00             0.00      44886925.00  
185         23/04/2015      0000001787           23138.00             0.00      44910063.00  
186         23/04/2015      0000000661           20636.00             0.00      44930699.00  
187         23/04/2015      0000000955           67677.00             0.00      44998376.00  
188         23/04/2015      0000000881            1536.00             0.00      44999912.00  
189         23/04/2015      0000000321            6501.00             0.00      45006413.00  
190         23/04/2015      0000001652               0.00        112725.00      44893688.00  
191         24/04/2015      0000002645            1128.00             0.00      44894816.00  
192         24/04/2015      0000002686           10194.00             0.00      44905010.00  
193         24/04/2015      0000000959              42.00             0.00      44905052.00  
194         24/04/2015      0000000908            1261.00             0.00      44906313.00  
195         24/04/2015      0000000363            1826.00             0.00      44908139.00  
196         24/04/2015      0000000367           43000.00             0.00      44951139.00  
197         24/04/2015      0000002003            7828.00             0.00      44958967.00  
198         24/04/2015      0000000958             233.00             0.00      44959200.00  
199         24/04/2015      0000003356           15355.00             0.00      44974555.00  
200         24/04/2015      0000002226           16208.00             0.00      44990763.00  
201         24/04/2015      0000001076             749.00             0.00      44991512.00  
202         25/04/2015      0000002107            5852.00             0.00      44997364.00  
203         25/04/2015      0000002088           11628.00             0.00      45008992.00  
204         25/04/2015      0000002016           17853.00             0.00      45026845.00  
205         25/04/2015      0000001016             109.00             0.00      45026954.00  
206         25/04/2015      0000001927               0.00         57647.00      44969307.00  
207         25/04/2015      0000000998            2645.00             0.00      44971952.00  
208         25/04/2015      0000002773             130.00             0.00      44972082.00  
209         25/04/2015      0000002777             480.00             0.00      44972562.00  
210         25/04/2015      0000002812            1435.00             0.00      44973997.00  
211         25/04/2015      0000001010            3702.00             0.00      44977699.00  
212         25/04/2015      0000000843            3229.00             0.00      44980928.00  
213         25/04/2015      0000002205           28302.00             0.00      45009230.00  
214         25/04/2015      0000003681             100.00             0.00      45009330.00  
215         25/04/2015      0000003682              75.00             0.00      45009405.00  
216         27/04/2015      0000002588             537.00             0.00      45009942.00  
217         27/04/2015      0000002146           33233.00             0.00      45043175.00  
218         27/04/2015      0000001042            1747.00             0.00      45044922.00  
219         27/04/2015      0000003757            6107.00             0.00      45051029.00  
220         27/04/2015      0000002141           20722.00             0.00      45071751.00  
221         27/04/2015      0000002139           13033.00             0.00      45084784.00  
222         27/04/2015      0000003062            1627.00             0.00      45086411.00  
223         27/04/2015      0000003064            7173.00             0.00      45093584.00  
224         27/04/2015      0000001194           96549.00             0.00      45190133.00  
225         27/04/2015      0000003071            6055.00             0.00      45196188.00  
226         27/04/2015      0000001094             134.00             0.00      45196322.00  
227         27/04/2015      0000001096             487.00             0.00      45196809.00  
228         27/04/2015      0000003756           29503.00             0.00      45226312.00  
229         27/04/2015      0000000391           11500.00             0.00      45237812.00  
230         27/04/2015      0000003948            5745.00             0.00      45243557.00  
231         27/04/2015      0000000590           45392.00             0.00      45288949.00  
232         27/04/2015      0000001397            3696.00             0.00      45292645.00  
233         27/04/2015      0000002571            7484.00             0.00      45300129.00  
234         28/04/2015      0000003178            9137.00             0.00      45309266.00  
235         28/04/2015      0000003337            2819.00             0.00      45312085.00  
236         28/04/2015      0000002328            2171.00             0.00      45314256.00  
237         28/04/2015      0000002394            6283.00             0.00      45320539.00  
238         28/04/2015      0000002395             755.00             0.00      45321294.00  
239         28/04/2015      0000000983           64288.00             0.00      45385582.00  
240         28/04/2015      0000001086            1827.00             0.00      45387409.00  
241         28/04/2015      0000001070           13674.00             0.00      45401083.00  
242         28/04/2015      0000001069           12986.00             0.00      45414069.00  
243         28/04/2015      0000000385            3205.00             0.00      45417274.00  
244         28/04/2015      0000001160             209.00             0.00      45417483.00  
245         28/04/2015      0000001161             692.00             0.00      45418175.00  
246         28/04/2015      0000000822            5137.00             0.00      45423312.00  
247         28/04/2015      0000004081            2645.00             0.00      45425957.00  
248         28/04/2015      0000004183           17632.00             0.00      45443589.00  
249         28/04/2015      0000003180            4264.00             0.00      45447853.00  
250         29/04/2015      0000000402           12006.00             0.00      45459859.00  
251         29/04/2015      0000001253            1244.00             0.00      45461103.00  
252         29/04/2015      0000001267            6049.00             0.00      45467152.00  
253         29/04/2015      0000004093          500000.00             0.00      45967152.00  
254         29/04/2015      0000001165            2860.00             0.00      45970012.00  
255         29/04/2015      0000002470           12100.00             0.00      45982112.00  
256         29/04/2015      0000001149             485.00             0.00      45982597.00  
257         29/04/2015      0000001147           11483.00             0.00      45994080.00  
258         29/04/2015      0000004361           70402.00             0.00      46064482.00  
259         29/04/2015      0000001141            4753.00             0.00      46069235.00  
260         29/04/2015      0000003610          131861.00             0.00      46201096.00  
261         29/04/2015      0000003608           18422.00             0.00      46219518.00  
262         29/04/2015      0000003558            3365.00             0.00      46222883.00  
263         29/04/2015      0000003547            3332.00             0.00      46226215.00  
264         29/04/2015      0000003487           70620.00             0.00      46296835.00  
265         29/04/2015      0000001130            7521.00             0.00      46304356.00  
266         29/04/2015      0000001252             172.00             0.00      46304528.00  
267         29/04/2015      0000002473            2301.00             0.00      46306829.00  
268         29/04/2015      0000002962             541.00             0.00      46307370.00  
269         29/04/2015      0000000404           13843.00             0.00      46321213.00  
270         29/04/2015      0000000403            4565.00             0.00      46325778.00  
271         30/04/2015      0000000472              65.00             0.00      46325843.00  
272         30/04/2015      0000001708            7812.00             0.00      46333655.00  
273         30/04/2015      0000001706            7057.00             0.00      46340712.00  
274         30/04/2015      0000003862            5483.00             0.00      46346195.00  
275         30/04/2015      0000000902              88.00             0.00      46346283.00  
276         30/04/2015      0000001395           19556.00             0.00      46365839.00  
277         30/04/2015      0000001314             578.00             0.00      46366417.00  
278         30/04/2015      0000001315             533.00             0.00      46366950.00  
279         30/04/2015      0000004590           34874.00             0.00      46401824.00  
280         30/04/2015      0000000917            4100.00             0.00      46405924.00  
281         30/04/2015      0000004583           17900.00             0.00      46423824.00  
282         30/04/2015      0000004492              60.00             0.00      46423884.00  
283         30/04/2015      0000004489             560.00             0.00      46424444.00  
284         30/04/2015      0000004490             130.00             0.00      46424574.00  
285         30/04/2015      0000003265            5763.00             0.00      46430337.00  
286         30/04/2015      0000003211            2227.00             0.00      46432564.00  
287         30/04/2015      0000003184           36320.00             0.00      46468884.00  
288         30/04/2015      0000003181            1232.00             0.00      46470116.00  
289         30/04/2015      0000003180            9988.00             0.00      46480104.00  
290         30/04/2015      0000003142            2398.00             0.00      46482502.00  
291         30/04/2015      0000003108            3974.00             0.00      46486476.00  
292         30/04/2015      0000003106            3491.00             0.00      46489967.00  
293         30/04/2015      0000003077           24355.00             0.00      46514322.00  
294         30/04/2015      0000002563             110.00             0.00      46514432.00  
295         30/04/2015      0000002562            1500.00             0.00      46515932.00  
296         30/04/2015      0000001187             748.00             0.00      46516680.00  
297         30/04/2015      0000000442            6227.00             0.00      46522907.00  
298         30/04/2015      0000000440           20660.00             0.00      46543567.00  
299         30/04/2015      0000000438           17309.00             0.00      46560876.00  
300         30/04/2015      0000000437            3072.00             0.00      46563948.00  
301         30/04/2015      0000003784             993.00             0.00      46564941.00  
302         30/04/2015      0000003776             390.00             0.00      46565331.00  
303         30/04/2015      0000003775            1050.00             0.00      46566381.00  
304         30/04/2015      0000003755           11252.00             0.00      46577633.00  
-----------------------------------------------------------------------------------------------------------
Total Credit: 6876543.00		Total Debit: 4460065.00		Closing Balance:46577633.00
-----------------------------------------------------------------------------------------------------------
-----------------------------------------------------------------------------------------------------------
