                                        Account Statement-04/2015
DDO:SPORTS AUTH - AP,VC & MD(27022808001)                      Head of Account:Sports Authority(8448001100029000000NVN)
                                    Opening Balance:11051066.00
S.No        Date            Chq/Trans              Credit            Debit          Balance
-----------------------------------------------------------------------------------------------------------
1           02/04/2015      016997                   0.00          2500.00      11048566.00  
2           02/04/2015      033512                   0.00          4632.00      11043934.00  
3           02/04/2015      033515                   0.00          7916.00      11036018.00  
4           02/04/2015      033521                   0.00       7423102.00       3612916.00  
5           06/04/2015      033520                   0.00          3933.00       3608983.00  
6           08/04/2015      033522                   0.00         59927.00       3549056.00  
7           08/04/2015      033523                   0.00          6200.00       3542856.00  
8           08/04/2015      033505                   0.00         39510.00       3503346.00  
9           09/04/2015      033526                   0.00        945870.00       2557476.00  
10          10/04/2015      033525                   0.00         59060.00       2498416.00  
11          10/04/2015      033508                   0.00         14820.00       2483596.00  
12          10/04/2015      033509                   0.00         59927.00       2423669.00  
13          10/04/2015      033503                   0.00        533928.00       1889741.00  
14          11/04/2015      033504                   0.00         61900.00       1827841.00  
15          13/04/2015      033502                   0.00        279177.00       1548664.00  
16          18/04/2015      033529                   0.00         61607.00       1487057.00  
17          18/04/2015      033532                   0.00         24500.00       1462557.00  
18          18/04/2015      033535                   0.00         99956.00       1362601.00  
19          18/04/2015      033536                   0.00         15000.00       1347601.00  
20          21/04/2015      033534                   0.00           100.00       1347501.00  
21          22/04/2015      033531                   0.00         12907.00       1334594.00  
22          24/04/2015      033517                   0.00         25662.00       1308932.00  
23          24/04/2015      033519                   0.00          1008.00       1307924.00  
24          28/04/2015      033527                   0.00          2610.00       1305314.00  
25          28/04/2015      033543                   0.00         30000.00       1275314.00  
26          29/04/2015      033528                   0.00         10000.00       1265314.00  
27          29/04/2015      033533                   0.00         44100.00       1221214.00  
28          29/04/2015      033518                   0.00         10625.00       1210589.00  
29          30/04/2015      033538                   0.00         13286.00       1197303.00  
30          30/04/2015      033539                   0.00         12250.00       1185053.00  
31          30/04/2015      033540                   0.00          6193.00       1178860.00  
32          30/04/2015      033541                   0.00          1013.00       1177847.00  
33          30/04/2015      033545                   0.00         30000.00       1147847.00  
34          30/04/2015      033544                   0.00          6165.00       1141682.00  
-----------------------------------------------------------------------------------------------------------
Total Credit: 0.00		Total Debit: 9909384.00		Closing Balance:1141682.00
-----------------------------------------------------------------------------------------------------------
-----------------------------------------------------------------------------------------------------------
