                                        Account Statement-02/2015
DDO:COMM MUNICIPALITY VIZIANAGARAM(22011802003)                      Head of Account:Municipal_GF_Salaries(8448001020003002000NVN)
                                    Opening Balance:299719074.00
S.No        Date            Chq/Trans              Credit            Debit          Balance
-----------------------------------------------------------------------------------------------------------
1           04/02/2015      0000009072        15633199.00             0.00     315352273.00  
2           05/02/2015      0000009088           17040.00             0.00     315369313.00  
3           06/02/2015      0000009188            1040.00             0.00     315370353.00  
4           11/02/2015      0000009382           48225.00             0.00     315418578.00  
5           11/02/2015      024489                   0.00        187555.00     315231023.00  
6           12/02/2015      024491                   0.00       1878806.00     313352217.00  
7           16/02/2015      0000009400            4440.00             0.00     313356657.00  
8           16/02/2015      0000009401            7712.00             0.00     313364369.00  
9           16/02/2015      0000009402           20256.00             0.00     313384625.00  
10          16/02/2015      0000009397            3816.00             0.00     313388441.00  
11          16/02/2015      0000009404            2520.00             0.00     313390961.00  
12          16/02/2015      0000009405            2340.00             0.00     313393301.00  
13          16/02/2015      0000009403            9648.00             0.00     313402949.00  
14          16/02/2015      0000009396            4200.00             0.00     313407149.00  
15          19/02/2015      0000009537         6037772.00             0.00     319444921.00  
16          19/02/2015      0000009395             360.00             0.00     319445281.00  
17          19/02/2015      0000009398            4100.00             0.00     319449381.00  
18          19/02/2015      0000009399            6700.00             0.00     319456081.00  
19          19/02/2015      0000009406           16010.00             0.00     319472091.00  
20          19/02/2015      0000009434            2650.00             0.00     319474741.00  
21          20/02/2015      0000009755            1031.00             0.00     319475772.00  
22          20/02/2015      024493                   0.00       1879799.00     317595973.00  
23          21/02/2015      0000009809            1176.00             0.00     317597149.00  
24          21/02/2015      024492                   0.00       1340289.00     316256860.00  
25          23/02/2015      024494                   0.00        107176.00     316149684.00  
26          23/02/2015      024495                   0.00        190341.00     315959343.00  
27          25/02/2015      0000009821           41449.00             0.00     316000792.00  
28          25/02/2015      0000009941            1167.00             0.00     316001959.00  
29          25/02/2015      0000034523          314716.00             0.00     316316675.00  
30          25/02/2015      0000034502          539344.00             0.00     316856019.00  
31          25/02/2015      0000009820          129661.00             0.00     316985680.00  
32          25/02/2015      0000034500          440364.00             0.00     317426044.00  
33          26/02/2015      0000010090           42870.00             0.00     317468914.00  
34          28/02/2015      0000009932           24564.00             0.00     317493478.00  
35          28/02/2015      0000009931            4200.00             0.00     317497678.00  
36          28/02/2015      024301                   0.00        817283.00     316680395.00  
-----------------------------------------------------------------------------------------------------------
Total Debit: 6401249.00		Total Credit: 23362570.00		Closing Balance:316680395.00
-----------------------------------------------------------------------------------------------------------
-----------------------------------------------------------------------------------------------------------
