51000000309884134110000000200000000                                                                  
51000000303207497460000000199111000                                                                  
51000000309592744800000000200000000                                                                  
51000000327603882270000000185291000                                                                  
51000000301289943570000000050000000                                                                  
51000000327214219220000000100000000                                                                  
51000000327214219220000000172770000                                                                  
51000000307344114470000000023581400                                                                  
51000000102839308670000001892396000                                                                  
51000000301351589370000000060991000                                                                  
51000000317353644530000000010567000                                                                  
51000000302606140120000000016383000                                                                  
51000000307344114470000000016980000                                                                  
51000000310735989790000000087463000                                                                  
51000000102605393700000000360278000                                                                  
51000000310735989790000000158105000                                                                  
51000000102839308670000002253487000                                                                  
51000000103743607790000000175470000                                                                  
51000000310735989790000000171207300                                                                  
51000000102839308670000003078688000                                                                  
51000000102605393700000000570776900                                                                  
