01000000102605393700000000055409000                                                                  
01000000102839308670000000951964000                                                                  
01000000303672766830000000029849000                                                                  
01000000110407543240000000057852000                                                                  
01000000102839308670000000351650000                                                                  
01000000102605393700000000053454000                                                                  
01000000300594740830000000333196000                                                                  
01000000307344114470000000000554000                                                                  
01000000301351589370000000003299700                                                                  
01000000102839308670000000392088000                                                                  
01000000303672766830000000013961000                                                                  
01000000302606140120000000005824000                                                                  
01000000303672766830000000011769000                                                                  
01000000301289943570000000160850000                                                                  
01000000302606140120000000005054000                                                                  
01000000303672766830000000059456000                                                                  
01000000309424304620000000116747000                                                                  
01000000102605393700000000110975000                                                                  
01000000309415326570000002857822200                                                                  
01000000310735989790000000023112000                                                                  
01000000300594740830000000138200000                                                                  
01000000102605393700000000089110000                                                                  
01000000305117557100000000112324000                                                                  
01000000310735989790000000032023000                                                                  
01000000309415326570000000644212200                                                                  
01000000303672766830000000064574000                                                                  
01000000112138486300000001700246000                                                                  
01000000102839308670000002408337000                                                                  
01000000303672766830000000037242000                                                                  
01000000102605393700000000152580000                                                                  
01000000102839308670000001494631000                                                                  
01000000310735989790000000014671000                                                                  
01000000112138486300000000261883000                                                                  
01000000112138486300000001185784000                                                                  
01000000303672766830000000046453000                                                                  
01000000102839308670000003319730000                                                                  
01000000303672766830000000038319000                                                                  
01000000301289943570000000539539000                                                                  
01000000102605393700000000275120000                                                                  
01000000310735989790000000018156000                                                                  
01000000112138486300000000728849000                                                                  
51000000338814547410000018896869100                                                                  
