51000000303672766830000000044103000                                                                  
51000000317353644530000000018560000                                                                  
51000000303672766830000000019212000                                                                  
51000000309424304620000000427384000                                                                  
51000000310735989790000000223715900                                                                  
51000000303672766830000000023143000                                                                  
51000000310735989790000000139317400                                                                  
51000000317353644530000000012769000                                                                  
51000000309884134110000000176832000                                                                  
51000000303672766830000000011775000                                                                  
51000000317353644530000000011109000                                                                  
51000000310735989790000000063804700                                                                  
51000000303672766830000000012663000                                                                  
51000000310735989790000000056477300                                                                  
51000000317353644530000000011565100                                                                  
