01000000304131620960000000200000000                                                                  
01000000003072140080000000031170000                                                                  
01000000101879834910000000100000000                                                                  
01000000304131620960000000023072000                                                                  
01000000305354322690000000004945000                                                                  
01000000304131620960000000007386000                                                                  
01000000301369581820000000109806000                                                                  
01000000301369581820000000167828000                                                                  
01000000301302744360000000562252000                                                                  
01000000307332566500000000023415700                                                                  
51000000338814547410000001229874700                                                                  
