01000000302441174740000000124954000                                                                  
01000000109494881870000001381592000                                                                  
01000000109494882450000000140246000                                                                  
01000000300367840700000000406030000                                                                  
01000000109494882900000000136379000                                                                  
01000000109494882900000000071022000                                                                  
01000000109494881870000000576930000                                                                  
01000000109494882450000000078246000                                                                  
01000000301510054790000000106868000                                                                  
01000000301510054790000000380990000                                                                  
01000000109494882010000000128492800                                                                  
01000000301047331200000000186020000                                                                  
01000000317306417270000000426659000                                                                  
01000000300367840700000000121334000                                                                  
01000000301047331200000000083318000                                                                  
01000000300367840700000000121334000                                                                  
01000000109494882900000000105517000                                                                  
01000000109494882900000000071022000                                                                  
01000000109494882450000000140246000                                                                  
01000000300367840700000000369007000                                                                  
01000000109494882450000000100392000                                                                  
01000000301044909140000000042089000                                                                  
01000000109494882450000000078246000                                                                  
01000000109494881870000000759690000                                                                  
01000000303175717230000000169751000                                                                  
01000000303175717230000000610459000                                                                  
01000000301821918650000000399184000                                                                  
01000000109494883360000000153876000                                                                  
01000000109494883360000000199017000                                                                  
01000000109494883580000000352058000                                                                  
01000000302441174740000000214914000                                                                  
01000000302441174740000000124954000                                                                  
01000000301044909140000000062862000                                                                  
01000000301047331200000000090893000                                                                  
01000000301821918650000000117940000                                                                  
01000000109494883580000000319402000                                                                  
01000000301510054790000000335312000                                                                  
01000000109494882450000000301326000                                                                  
01000000109494882450000000200087000                                                                  
01000000109494882450000000193554000                                                                  
01000000301013646310000000538273000                                                                  
01000000303175717230000000207147000                                                                  
01000000301821918650000000254843000                                                                  
01000000303175717230000000014051000                                                                  
01000000302233843210000001026128000                                                                  
01000000300664277050000000668125000                                                                  
01000000300664277050000000608624000                                                                  
01000000109494881870000000659178000                                                                  
01000000109494881870000001381592000                                                                  
01000000300367840700000000821239000                                                                  
01000000109494882900000000319331000                                                                  
01000000109494882900000000188866000                                                                  
01000000300367840700000000303325000                                                                  
01000000301047331200000000241612000                                                                  
01000000109494883360000000234226000                                                                  
01000000109494883360000000170838000                                                                  
01000000109494883580000000119852000                                                                  
01000000302441174740000000280452000                                                                  
01000000109494882900000000203596000                                                                  
01000000109494882900000000303223000                                                                  
01000000109494883580000000268273000                                                                  
01000000109494883580000000339781000                                                                  
01000000301013646310000000280899000                                                                  
01000000301821918650000000017846000                                                                  
01000000317306417270000000355809000                                                                  
01000000301821918650000000253458000                                                                  
01000000303175717230000000221067000                                                                  
01000000303175717230000000055257000                                                                  
01000000301510054790000000338365000                                                                  
01000000109494882450000000131133000                                                                  
01000000109494882450000000207652000                                                                  
01000000109494882450000000381901000                                                                  
01000000106768444640000000409374000                                                                  
01000000106768444640000001342416000                                                                  
01000000301013646310000000070052000                                                                  
01000000301412658610000000800674100                                                                  
01000000301412658610000001025643000                                                                  
01000000300664277050000000179313200                                                                  
01000000109494881870000001432288000                                                                  
01000000300367840700000000878331000                                                                  
01000000300367840700000000330403000                                                                  
01000000109494883360000000106512000                                                                  
01000000109494883360000000270969000                                                                  
01000000301047331200000000094558000                                                                  
01000000321629881900000000347000000                                                                  
01000000302441174740000000360048000                                                                  
01000000302441174740000000115753000                                                                  
01000000109494883580000000261790000                                                                  
01000000301044909140000000369740000                                                                  
01000000321629881900000000078856000                                                                  
01000000109494883580000000379678000                                                                  
01000000109494882450000000206884000                                                                  
01000000109494882900000000203596000                                                                  
01000000109494881870000001665202000                                                                  
01000000301510054790000000219373000                                                                  
01000000303175717230000000172472000                                                                  
01000000301821918650000000202205000                                                                  
01000000301047331200000000389379000                                                                  
01000000301510054790000000181915000                                                                  
01000000302441174740000000360048000                                                                  
01000000300664277050000000953695000                                                                  
01000000322031687390000000421530000                                                                  
01000000109494883360000000255809200                                                                  
01000000300367840700000000330403000                                                                  
01000000300367840700000000210725000                                                                  
01000000300367840700000000118900000                                                                  
01000000300367840700000000210725000                                                                  
01000000301412658610000001148995000                                                                  
01000000301412658610000000582766000                                                                  
01000000301412658610000001589588000                                                                  
01000000302233843210000000649904000                                                                  
01000000109494883580000000261792000                                                                  
01000000321629881900000000267553000                                                                  
01000000301821918650000000180409000                                                                  
01000000317306417270000000236687000                                                                  
01000000109494883580000000030207000                                                                  
01000000300664277050000000159167500                                                                  
01000000109494882450000000461917700                                                                  
01000000303175717230000000249713900                                                                  
01000000109494881870000002246226000                                                                  
01000000300367840700000001102327300                                                                  
01000000109494882450000000963455100                                                                  
01000000109494883580000000733700300                                                                  
01000000301412658610000000472080000                                                                  
01000000303175717230000000188313000                                                                  
01000000109494882450000000213070000                                                                  
01000000301044909140000000352134000                                                                  
01000000301044909140000000374798700                                                                  
01000000109494878420000000473487000                                                                  
01000000301047331200000000111219000                                                                  
01000000109494883360000000074217000                                                                  
01000000109494881870000001294583000                                                                  
01000000302441174740000000313665000                                                                  
01000000301412658610000000132950000                                                                  
01000000301412658610000000331225000                                                                  
01000000106768444640000000333202000                                                                  
01000000106768444640000000245328000                                                                  
01000000302441174740000000036633000                                                                  
01000000301013646310000000288586600                                                                  
01000000321629881900000000339477000                                                                  
01000000302441174740000000524222000                                                                  
01000000109494882900000000794263000                                                                  
01000000109494882900000000564193000                                                                  
01000000109494883580000000383754000                                                                  
01000000109494883580000000098984000                                                                  
01000000303175717230000000271015000                                                                  
01000000301047331200000000199912000                                                                  
01000000300367840700000001453501000                                                                  
01000000109494883360000000140668000                                                                  
01000000301510054790000000305111000                                                                  
01000000300367840700000000742798000                                                                  
01000000301821918650000000273588000                                                                  
01000000109494882450000000309375000                                                                  
01000000109494882450000000307035000                                                                  
01000000303175717230000000314904000                                                                  
01000000301510054790000000515835000                                                                  
01000000300367840700000000784009000                                                                  
01000000301821918650000000402306000                                                                  
51000000338814547410000061159284400                                                                  
